=== TABLE: admin_list ===
Columns: ['gm_name']
Row count: 1
('CrazyAdmin',)

=== TABLE: admin_settings ===
Columns: ['key', 'value']
Row count: 43
('Admin-Level-/kill', 3)
('Admin-Level-/revive', 3)
('Admin-Level-/closecon', 3)
('Admin-Level-/checkrep', 1)
('Admin-Level-/who', 0)
('Admin-Level-/energysphere', 2)
('Admin-Level-/shutdownthisserverrightnow', 3)
('Admin-Level-/setobservermode', 3)
('Admin-Level-/shutup', 2)
('Admin-Level-/attack', 2)
('Admin-Level-/summondemon', 3)
('Admin-Level-/summondeath', 3)
('Admin-Level-/reservefightzone', 2)
('Admin-Level-/createfish', 2)
('Admin-Level-/teleport', 2)
('Admin-Level-/checkip', 2)
('Admin-Level-/polymorph', 2)
('Admin-Level-/setinvi', 2)
('Admin-Level-/setzerk', 2)
('Admin-Level-/setfreeze', 2)
('Admin-Level-/gns', 2)
('Admin-Level-/setattackmode', 2)
('Admin-Level-/unsummonall', 3)
('Admin-Level-/unsummondemon', 3)
('Admin-Level-/summonnpc', 3)
('Admin-Level-/summonall', 4)
('Admin-Level-/summonplayer', 1)
('Admin-Level-/disconnectall', 2)
('Admin-Level-/enableadmincreateitem', 3)
('Admin-Level-/createitem', 4)
('Admin-Level-/storm', 3)
('Admin-Level-/weather', 2)
('Admin-Level-/setstatus', 2)
('Admin-Level-/goto', 1)
('Admin-Level-/monstercount', 1)
('Admin-Level-/setforcerecalltime', 3)
('Admin-Level-/unsummonboss', 3)
('Admin-Level-/clearnpc', 3)
('Admin-Level-/time', 2)
('Admin-Level-/send', 2)
('Admin-Level-/summonguild', 3)
('Admin-Level-/checkstatus', 0)
('Admin-Level-/clearmap', 0)

=== TABLE: banned_list ===
Columns: ['ip_address']
Row count: 1
('192.118.1.1',)

=== TABLE: builditem_configs ===
Columns: ['build_id', 'name', 'skill_limit', 'material_id1', 'material_count1', 'material_value1', 'material_id2', 'material_count2', 'material_value2', 'material_id3', 'material_count3', 'material_value3', 'material_id4', 'material_count4', 'material_value4', 'material_id5', 'material_count5', 'material_value5', 'material_id6', 'material_count6', 'material_value6', 'average_value', 'max_skill', 'attribute', 'item_id']
Row count: 97
(0, 'SuperCoal', 20, 355, 1, 0, 355, 1, 0, 355, 1, 0, 0, 0, 0, 0, 0, 0, 0, 0, 0, 0, 30, 0, 501)
(1, 'UltraCoal', 80, 501, 1, 0, 501, 1, 0, 357, 1, 0, 0, 0, 0, 0, 0, 0, 0, 0, 0, 0, 90, 0, 502)
(2, 'IronIngot', 20, 357, 1, 0, 357, 1, 0, 357, 1, 0, 501, 1, 0, 0, 0, 0, 0, 0, 0, 0, 30, 0, 500)
(3, 'MithralIngot', 85, 508, 1, 0, 508, 1, 0, 502, 1, 0, 501, 1, 0, 0, 0, 0, 0, 0, 0, 0, 95, 0, 506)
(4, 'GoldIngot', 70, 354, 1, 0, 354, 1, 0, 354, 1, 0, 501, 1, 0, 0, 0, 0, 0, 0, 0, 0, 95, 0, 503)
(5, 'SilverIngot', 40, 356, 1, 0, 356, 1, 0, 356, 1, 0, 501, 1, 0, 0, 0, 0, 0, 0, 0, 0, 95, 0, 504)
(6, 'BlondeIngot', 40, 507, 1, 0, 507, 1, 0, 507, 1, 0, 501, 1, 0, 0, 0, 0, 0, 0, 0, 0, 95, 0, 505)
(7, 'Dagger', 30, 500, 1, 2, 501, 1, 1, 0, 0, 0, 0, 0, 0, 0, 0, 0, 0, 0, 0, 26, 40, 0, 1)
(8, 'ShortSword', 40, 500, 1, 2, 501, 1, 2, 357, 1, 1, 355, 1, 0, 0, 0, 0, 0, 0, 0, 33, 50, 0, 8)
(9, 'MainGauche', 50, 500, 1, 2, 501, 1, 2, 357, 1, 1, 355, 1, 0, 0, 0, 0, 0, 0, 0, 41, 60, 0, 12)
(10, 'Gradius', 60, 500, 1, 2, 501, 1, 2, 357, 1, 1, 355, 1, 0, 0, 0, 0, 0, 0, 0, 48, 70, 0, 15)
(11, 'LongSword', 40, 500, 1, 2, 500, 1, 2, 501, 1, 1, 355, 1, 0, 0, 0, 0, 0, 0, 0, 33, 50, 0, 17)
(12, 'Sabre', 50, 500, 1, 2, 500, 1, 2, 501, 1, 1, 355, 1, 0, 0, 0, 0, 0, 0, 0, 41, 60, 0, 23)
(13, 'Scimitar', 60, 500, 1, 2, 500, 1, 2, 501, 1, 1, 355, 1, 0, 0, 0, 0, 0, 0, 0, 48, 70, 0, 25)
(14, 'Falchion', 70, 500, 1, 2, 500, 1, 2, 501, 1, 1, 355, 1, 0, 0, 0, 0, 0, 0, 0, 56, 80, 0, 28)
(15, 'Esterk', 40, 500, 1, 2, 500, 1, 2, 501, 1, 1, 357, 1, 0, 0, 0, 0, 0, 0, 0, 33, 50, 0, 31)
(16, 'Rapier', 50, 500, 1, 2, 500, 1, 2, 501, 1, 1, 357, 1, 0, 0, 0, 0, 0, 0, 0, 41, 60, 0, 34)
(17, 'BroadSword', 50, 500, 1, 2, 500, 1, 2, 501, 1, 2, 501, 1, 1, 0, 0, 0, 0, 0, 0, 41, 60, 0, 38)
(18, 'BastadSword', 60, 500, 1, 2, 500, 1, 2, 501, 1, 2, 501, 1, 1, 355, 1, 1, 357, 1, 0, 48, 70, 0, 42)
(19, 'Claymore', 70, 500, 1, 2, 500, 1, 2, 501, 1, 2, 501, 1, 1, 501, 1, 1, 0, 0, 0, 56, 80, 0, 46)
(20, 'GreatSword', 80, 500, 1, 2, 500, 1, 2, 502, 1, 2, 501, 1, 1, 501, 1, 1, 0, 0, 0, 63, 90, 0, 50)
(21, 'Flameberge', 90, 500, 1, 2, 500, 1, 2, 502, 1, 2, 502, 1, 2, 501, 1, 1, 501, 1, 1, 71, 100, 0, 54)
(22, 'GiantSword', 95, 506, 1, 2, 503, 1, 2, 503, 1, 2, 508, 1, 1, 195, 1, -1, 500, 1, 1, 75, 100, 0, 615)
(23, 'BlackShadowSword', 99, 506, 1, 2, 506, 1, 2, 505, 1, 2, 505, 1, 2, 508, 1, 1, 195, 1, -1, 75, 100, 0, 844)
(24, 'LightAxe', 30, 500, 1, 2, 500, 1, 2, 501, 1, 1, 355, 1, 0, 0, 0, 0, 0, 0, 0, 26, 40, 0, 59)
(25, 'Tomahoc', 40, 500, 1, 2, 500, 1, 2, 501, 1, 1, 355, 1, 0, 0, 0, 0, 0, 0, 0, 33, 50, 0, 62)
(26, 'SexonAxe', 50, 500, 1, 2, 500, 1, 2, 501, 1, 1, 355, 1, 0, 0, 0, 0, 0, 0, 0, 41, 60, 0, 65)
(27, 'DoubleAxe', 60, 500, 1, 2, 500, 1, 2, 501, 1, 1, 501, 1, 1, 0, 0, 0, 0, 0, 0, 48, 70, 0, 68)
(28, 'WarAxe', 70, 500, 1, 2, 500, 1, 2, 501, 1, 2, 501, 1, 1, 501, 1, 1, 0, 0, 0, 56, 80, 0, 71)
(29, 'BattleAxe', 90, 500, 1, 2, 500, 1, 2, 502, 1, 2, 502, 1, 2, 501, 1, 1, 501, 1, 1, 66, 100, 0, 560)
(30, 'Hammer', 90, 503, 1, 2, 500, 1, 2, 500, 1, 2, 500, 1, 2, 502, 1, 1, 502, 1, 1, 71, 100, 0, 760)
(31, 'BattleHammer', 95, 506, 1, 2, 503, 1, 2, 503, 1, 2, 508, 1, 1, 502, 1, 1, 500, 1, 1, 72, 100, 0, 761)
(32, 'BarbarianHammer', 99, 506, 1, 2, 506, 1, 2, 503, 1, 2, 351, 1, -2, 508, 1, 1, 502, 1, 1, 73, 100, 0, 843)
(33, 'Hauberk(M)', 40, 504, 1, 2, 500, 1, 2, 500, 1, 2, 207, 1, -1, 0, 0, 0, 0, 0, 0, 33, 50, 0, 454)
(34, 'ChainHose(M)', 50, 504, 1, 2, 500, 1, 2, 500, 1, 2, 501, 1, 1, 207, 1, -1, 0, 0, 0, 41, 60, 0, 461)
(35, 'ScaleMail(M)', 60, 504, 1, 2, 500, 1, 2, 500, 1, 2, 500, 1, 2, 501, 1, 1, 207, 1, -1, 48, 70, 0, 457)
(36, 'ChainMail(M)', 70, 504, 1, 2, 500, 1, 2, 500, 1, 2, 500, 1, 2, 501, 1, 1, 207, 1, -1, 56, 80, 0, 456)
(37, 'PlateLeggings(M)', 80, 504, 1, 2, 500, 1, 2, 500, 1, 2, 500, 1, 2, 502, 1, 1, 198, 1, -1, 63, 90, 0, 462)
(38, 'PlateMail(M)', 90, 504, 1, 2, 504, 1, 2, 500, 1, 2, 500, 1, 2, 502, 1, 1, 198, 1, -1, 71, 100, 0, 458)
(39, 'WizardHauberk(M)', 95, 506, 1, 2, 504, 1, 2, 508, 1, 2, 502, 1, 1, 553, 1, -1, 0, 0, 0, 71, 100, 0, 681)
(40, 'KnightHauberk(M)', 95, 506, 1, 2, 504, 1, 2, 508, 1, 2, 502, 1, 1, 553, 1, -1, 0, 0, 0, 80, 100, 0, 687)
(41, 'KnightPlateLeg(M)', 95, 506, 1, 2, 504, 1, 2, 508, 1, 2, 502, 1, 1, 553, 1, -1, 0, 0, 0, 80, 100, 0, 677)
(42, 'KnightPlateMail(M)', 99, 506, 1, 2, 504, 1, 2, 504, 1, 2, 508, 1, 1, 502, 1, 1, 553, 1, -1, 71, 100, 0, 675)
(43, 'Helm(M)', 75, 504, 1, 2, 504, 1, 2, 500, 1, 2, 500, 1, 1, 200, 1, -1, 0, 0, 0, 60, 85, 0, 600)
(44, 'FullHelm(M)', 80, 504, 1, 2, 504, 1, 2, 500, 1, 2, 502, 1, 1, 501, 1, 1, 200, 1, -1, 65, 90, 0, 601)
(45, 'KnightFullHelm(M)', 95, 506, 1, 2, 504, 1, 2, 508, 1, 2, 502, 1, 1, 553, 1, -1, 0, 0, 0, 75, 100, 0, 679)
(46, 'Wings-Helm(M)', 95, 506, 1, 2, 504, 1, 2, 504, 1, 2, 508, 1, 1, 502, 1, 1, 200, 1, -1, 75, 100, 0, 751)
(47, 'Horned-Helm(M)', 99, 506, 1, 2, 504, 1, 2, 504, 1, 2, 508, 1, 1, 502, 1, 1, 200, 1, -1, 80, 100, 0, 750)
(48, 'Hauberk(W)', 40, 504, 1, 2, 500, 1, 2, 500, 1, 2, 207, 1, -1, 0, 0, 1, 0, 0, 0, 33, 50, 0, 472)
(49, 'ChainHose(W)', 50, 504, 1, 2, 500, 1, 2, 500, 1, 2, 501, 1, 1, 207, 1, -1, 0, 0, 0, 41, 60, 0, 482)
(50, 'ScaleMail(W)', 60, 504, 1, 2, 500, 1, 2, 500, 1, 2, 500, 1, 2, 501, 1, 1, 207, 1, -1, 48, 70, 0, 477)
(51, 'ChainMail(W)', 70, 504, 1, 2, 500, 1, 2, 500, 1, 2, 500, 1, 2, 501, 1, 1, 207, 1, -1, 56, 80, 0, 476)
(52, 'PlateLeggings(W)', 80, 504, 1, 2, 500, 1, 2, 500, 1, 2, 500, 1, 2, 502, 1, 1, 198, 1, -1, 63, 90, 0, 483)
(53, 'PlateMail(W)', 90, 504, 1, 2, 504, 1, 2, 500, 1, 2, 500, 1, 2, 502, 1, 1, 198, 1, -1, 71, 100, 0, 478)
(54, 'WizardHauberk(W)', 95, 506, 1, 2, 504, 1, 2, 502, 1, 1, 553, 1, -1, 0, 0, 0, 0, 0, 0, 71, 100, 0, 682)
(55, 'KnightHauberk(W)', 95, 506, 1, 2, 506, 1, 2, 502, 1, 1, 553, 1, -1, 0, 0, 0, 0, 0, 0, 75, 100, 0, 688)
(56, 'KnightPlateLeg(W)', 95, 506, 1, 2, 506, 1, 2, 502, 1, 1, 553, 1, -1, 0, 0, 0, 0, 0, 0, 75, 100, 0, 678)
(57, 'KnightPlateMail(W)', 99, 506, 1, 2, 504, 1, 2, 504, 1, 2, 508, 1, 1, 502, 1, 1, 553, 1, -1, 71, 100, 0, 676)
(58, 'Helm(W)', 75, 504, 1, 2, 504, 1, 2, 500, 1, 2, 500, 1, 1, 200, 1, -1, 0, 0, 0, 56, 85, 0, 602)
(59, 'FullHelm(W)', 80, 504, 1, 2, 504, 1, 2, 500, 1, 2, 502, 1, 1, 501, 1, 1, 200, 1, -1, 63, 90, 0, 603)
(60, 'KnightFullHelm(W)', 95, 506, 1, 2, 504, 1, 2, 508, 1, 2, 502, 1, 1, 553, 1, -1, 0, 0, 0, 71, 100, 0, 680)
(61, 'Wings-Helm(W)', 95, 506, 1, 2, 504, 1, 2, 504, 1, 2, 508, 1, 1, 502, 1, 1, 200, 1, -1, 71, 100, 0, 755)
(62, 'Horned-Helm(W)', 99, 506, 1, 2, 504, 1, 2, 504, 1, 2, 508, 1, 1, 502, 1, 1, 200, 1, -1, 80, 100, 0, 754)
(63, 'LongSword+1', 45, 505, 1, 2, 500, 1, 2, 500, 1, 2, 501, 1, 1, 355, 1, 0, 355, 1, 0, 43, 80, 0, 18)
(64, 'Sabre+1', 55, 505, 1, 2, 500, 1, 2, 500, 1, 2, 501, 1, 1, 355, 1, 0, 355, 1, 0, 51, 85, 0, 24)
(65, 'Scimitar+1', 65, 505, 1, 2, 500, 1, 2, 500, 1, 2, 501, 1, 1, 355, 1, 0, 355, 1, 0, 58, 90, 0, 26)
(66, 'Falchion+1', 75, 505, 1, 2, 500, 1, 2, 500, 1, 2, 501, 1, 1, 355, 1, 0, 355, 1, 0, 66, 95, 0, 29)
(67, 'Esterk+1', 45, 505, 1, 2, 500, 1, 2, 500, 1, 2, 501, 1, 1, 357, 1, 0, 355, 1, 0, 43, 65, 0, 32)
(68, 'Rapier+1', 55, 505, 1, 2, 500, 1, 2, 500, 1, 2, 501, 1, 1, 357, 1, 0, 355, 1, 0, 51, 75, 0, 35)
(69, 'BroadSword+1', 55, 505, 1, 2, 500, 1, 2, 500, 1, 2, 501, 1, 1, 501, 1, 1, 0, 0, 0, 51, 90, 0, 39)
(70, 'BastadSword+1', 65, 505, 1, 2, 500, 1, 2, 500, 1, 2, 501, 1, 1, 501, 1, 1, 357, 1, 1, 58, 95, 0, 43)
(71, 'Claymore+1', 75, 505, 1, 2, 500, 1, 2, 500, 1, 2, 501, 1, 2, 501, 1, 1, 501, 1, 1, 66, 96, 0, 47)
(72, 'GreatSword+1', 84, 505, 1, 2, 500, 1, 2, 500, 1, 2, 502, 1, 2, 502, 1, 1, 502, 1, 1, 73, 97, 0, 51)
(73, 'Flameberge+1', 93, 505, 1, 2, 500, 1, 2, 500, 1, 2, 500, 1, 2, 502, 1, 1, 502, 1, 1, 81, 100, 0, 55)
(74, 'LightAxe+1', 40, 505, 1, 2, 500, 1, 2, 500, 1, 1, 355, 1, 0, 0, 0, 0, 0, 0, 0, 36, 60, 0, 60)
(75, 'Tomahoc+1', 45, 505, 1, 2, 500, 1, 2, 500, 1, 1, 355, 1, 0, 0, 0, 0, 0, 0, 0, 43, 70, 0, 63)
(76, 'SexonAxe+1', 55, 505, 1, 2, 500, 1, 2, 500, 1, 1, 355, 1, 0, 0, 0, 0, 0, 0, 0, 51, 80, 0, 66)
(77, 'DoubleAxe+1', 65, 505, 1, 2, 500, 1, 2, 500, 1, 2, 501, 1, 1, 501, 1, 1, 0, 0, 0, 58, 90, 0, 69)
(78, 'WarAxe+1', 80, 505, 1, 2, 500, 1, 2, 500, 1, 2, 501, 1, 1, 501, 1, 1, 501, 1, 0, 66, 94, 0, 72)
(79, 'BattleAxe+1', 95, 505, 1, 2, 500, 1, 2, 500, 1, 2, 500, 1, 1, 502, 1, 1, 502, 1, 1, 75, 100, 0, 580)
(80, 'LongSword+2', 55, 506, 1, 2, 503, 1, 2, 195, 1, -2, 500, 1, 1, 0, 0, 0, 0, 0, 0, 53, 80, 0, 19)
(81, 'Sabre+2', 65, 506, 1, 2, 503, 1, 2, 195, 1, -2, 500, 1, 1, 502, 1, 0, 501, 1, 0, 61, 85, 0, 582)
(82, 'Scimitar+2', 75, 506, 1, 2, 503, 1, 2, 195, 1, -2, 500, 1, 1, 502, 1, 0, 501, 1, 0, 68, 90, 0, 27)
(83, 'Falchion+2', 85, 506, 1, 2, 503, 1, 2, 195, 1, -2, 500, 1, 1, 502, 1, 0, 501, 1, 0, 76, 95, 0, 30)
(84, 'Esterk+2', 55, 506, 1, 2, 503, 1, 2, 195, 1, -2, 500, 1, 1, 502, 1, 0, 501, 1, 0, 53, 65, 0, 33)
(85, 'Rapier+2', 65, 506, 1, 2, 503, 1, 2, 195, 1, -2, 500, 1, 1, 502, 1, 0, 501, 1, 0, 61, 75, 0, 36)
(86, 'BroadSword+2', 65, 506, 1, 2, 503, 1, 2, 195, 1, -2, 500, 1, 1, 500, 1, 1, 0, 0, 0, 61, 80, 0, 40)
(87, 'BastadSword+2', 75, 506, 1, 2, 503, 1, 2, 195, 1, -2, 500, 1, 1, 500, 1, 1, 0, 0, 0, 68, 85, 0, 44)
(88, 'Claymore+2', 85, 506, 1, 2, 503, 1, 2, 195, 1, -2, 500, 1, 2, 500, 1, 1, 500, 1, 1, 76, 90, 0, 48)
(89, 'GreatSword+2', 94, 506, 1, 2, 503, 1, 2, 195, 1, -2, 500, 1, 2, 500, 1, 1, 502, 1, 1, 83, 95, 0, 52)
(90, 'Flameberge+2', 97, 506, 1, 2, 506, 1, 2, 503, 1, 2, 195, 1, -2, 500, 1, 1, 500, 1, 1, 85, 100, 0, 56)
(91, 'LightAxe+2', 50, 506, 1, 2, 503, 1, 2, 195, 1, -1, 502, 1, 0, 0, 0, 0, 0, 0, 0, 36, 75, 0, 61)
(92, 'Tomahoc+2', 55, 506, 1, 2, 503, 1, 2, 195, 1, -1, 500, 1, 0, 0, 0, 0, 0, 0, 0, 53, 80, 0, 64)
(93, 'SexonAxe+2', 65, 506, 1, 2, 503, 1, 2, 195, 1, -1, 500, 1, 0, 0, 0, 0, 0, 0, 0, 61, 85, 0, 67)
(94, 'DoubleAxe+2', 75, 506, 1, 2, 503, 1, 2, 195, 1, -2, 500, 1, 1, 500, 1, 1, 0, 0, 0, 68, 90, 0, 70)
(95, 'WarAxe+2', 90, 506, 1, 2, 503, 1, 2, 195, 1, -2, 500, 1, 1, 500, 1, 1, 500, 1, 0, 76, 95, 0, 73)
(96, 'BattleAxe+2', 99, 506, 1, 2, 506, 1, 2, 503, 1, 2, 508, 1, 1, 195, 1, -1, 500, 1, 1, 88, 100, 0, 581)

=== TABLE: crafting_configs ===
Columns: ['crafting_id', 'name', 'array0', 'array1', 'array2', 'array3', 'array4', 'array5', 'array6', 'array7', 'array8', 'array9', 'array10', 'array11', 'skill_limit', 'difficulty']
Row count: 25
(1, 'MagicNecklace(DF+15)', 657, 1, 356, 1, 354, 1, 311, 2, -1, 0, -1, 0, 10, 70)
(2, 'MagicNecklace(DF+20)', 1086, 1, 657, 1, 356, 1, 354, 1, 311, 1, -1, 0, 20, 70)
(3, 'MagicNecklace(DF+25)', 1087, 1, 657, 1, 358, 1, 356, 1, 354, 1, 311, 1, 30, 70)
(4, 'MagicNecklace(DF+30)', 1088, 1, 657, 1, 358, 1, 356, 1, 354, 1, 311, 1, 40, 70)
(5, 'MagicNecklace(DM+2)', 657, 1, 356, 1, 354, 1, 305, 2, -1, 0, -1, 0, 10, 70)
(6, 'MagicNecklace(DM+3)', 1090, 1, 657, 1, 356, 1, 354, 1, 311, 1, -1, 0, 20, 70)
(7, 'MagicNecklace(DM+4)', 1091, 1, 657, 1, 358, 1, 356, 1, 354, 1, 305, 1, 30, 70)
(8, 'MagicNecklace(DM+5)', 1092, 1, 657, 1, 358, 1, 356, 1, 354, 1, 305, 1, 40, 70)
(9, 'MagicNecklace(MS12)', 657, 1, 356, 1, 354, 1, 308, 2, -1, 0, -1, 0, 10, 70)
(10, 'MagicNecklace(MS13)', 1094, 1, 657, 1, 356, 1, 354, 1, 311, 1, -1, 0, 20, 70)
(11, 'MagicNecklace(MS14)', 1095, 1, 657, 1, 358, 1, 356, 1, 354, 1, 308, 1, 30, 70)
(12, 'MagicNecklace(MS15)', 1096, 1, 657, 1, 358, 1, 356, 1, 354, 1, 308, 1, 40, 70)
(13, 'MagicNecklace(RM15)', 657, 1, 356, 1, 354, 1, 300, 2, -1, 0, -1, 0, 10, 70)
(14, 'MagicNecklace(RM20)', 1098, 1, 657, 1, 356, 1, 354, 1, 311, 1, -1, 0, 20, 70)
(15, 'MagicNecklace(RM25)', 1099, 1, 657, 1, 358, 1, 356, 1, 354, 1, 300, 1, 30, 70)
(16, 'MagicNecklace(RM30)', 1100, 1, 657, 1, 358, 1, 356, 1, 354, 1, 300, 1, 40, 70)
(17, 'DiamondWare', 358, 1, 350, 2, -1, 0, -1, 0, -1, 0, -1, 0, 0, 70)
(18, 'RubyWare', 358, 1, 351, 2, -1, 0, -1, 0, -1, 0, -1, 0, 0, 70)
(19, 'SapphireWare', 358, 1, 352, 2, -1, 0, -1, 0, -1, 0, -1, 0, 0, 70)
(20, 'EmeraldWare', 358, 1, 353, 2, -1, 0, -1, 0, -1, 0, -1, 0, 0, 70)
(21, 'CrystalWare', 358, 3, -1, 0, -1, 0, -1, 0, -1, 0, -1, 0, 0, 70)
(22, 'MaginDiamond', 1106, 1, 1102, 1, 1102, 1, 657, 1, -1, 0, -1, 0, 30, 70)
(23, 'MaginRuby', 1106, 1, 1103, 1, 1103, 1, 657, 1, -1, 0, -1, 0, 30, 70)
(24, 'MagicEmerald', 1106, 1, 1105, 1, 1105, 1, 657, 1, -1, 0, -1, 0, 30, 70)
(25, 'MagicSapphire', 1106, 1, 1104, 1, 1104, 1, 657, 1, -1, 0, -1, 0, 30, 70)

=== TABLE: crusade_structures ===
Columns: ['structure_id', 'map_name', 'structure_type', 'pos_x', 'pos_y']
Row count: 21
(1, 'aresden', 40, 145, 128)
(2, 'aresden', 40, 152, 124)
(3, 'aresden', 40, 99, 183)
(4, 'aresden', 40, 109, 186)
(5, 'aresden', 40, 124, 168)
(6, 'aresden', 40, 134, 165)
(7, 'aresden', 40, 171, 197)
(8, 'aresden', 40, 156, 203)
(9, 'elvine', 40, 144, 131)
(10, 'elvine', 40, 152, 126)
(11, 'elvine', 40, 196, 128)
(12, 'elvine', 40, 205, 130)
(13, 'elvine', 40, 224, 153)
(14, 'elvine', 40, 234, 149)
(15, 'elvine', 40, 241, 110)
(16, 'elvine', 40, 230, 115)
(17, 'middleland', 42, 418, 147)
(18, 'middleland', 42, 112, 174)
(19, 'middleland', 42, 263, 305)
(20, 'aresden', 41, 165, 109)
(21, 'elvine', 41, 170, 120)

=== TABLE: drop_entries ===
Columns: ['drop_table_id', 'tier', 'item_id', 'weight', 'min_count', 'max_count']
Row count: 68
(20010, 1, 220, 400, 1, 1)
(20010, 1, 0, 9600, 0, 0)
(20011, 1, 219, 250, 1, 1)
(20011, 1, 0, 9750, 0, 0)
(20012, 1, 221, 167, 1, 1)
(20012, 1, 0, 9833, 0, 0)
(20013, 1, 194, 46, 1, 1)
(20013, 1, 195, 42, 1, 1)
(20013, 1, 196, 56, 1, 1)
(20013, 1, 197, 76, 1, 1)
(20013, 1, 198, 42, 1, 1)
(20013, 1, 0, 9738, 0, 0)
(20014, 1, 206, 227, 1, 1)
(20014, 1, 207, 125, 1, 1)
(20014, 1, 208, 119, 1, 1)
(20014, 1, 0, 9529, 0, 0)
(20016, 1, 192, 370, 1, 1)
(20016, 1, 193, 333, 1, 1)
(20016, 1, 0, 9297, 0, 0)
(20017, 1, 215, 40, 1, 1)
(20017, 1, 216, 100, 1, 1)
(20017, 1, 217, 40, 1, 1)
(20017, 1, 218, 50, 1, 1)
(20017, 1, 0, 9770, 0, 0)
(20022, 1, 188, 133, 1, 1)
(20022, 1, 189, 125, 1, 1)
(20022, 1, 190, 125, 1, 1)
(20022, 1, 191, 118, 1, 1)
(20022, 1, 0, 9499, 0, 0)
(20023, 1, 205, 167, 1, 1)
(20023, 1, 0, 9833, 0, 0)
(20027, 1, 199, 36, 1, 1)
(20027, 1, 200, 38, 1, 1)
(20027, 1, 201, 38, 1, 1)
(20027, 1, 202, 40, 1, 1)
(20027, 1, 203, 40, 1, 1)
(20027, 1, 204, 29, 1, 1)
(20027, 1, 0, 9779, 0, 0)
(20028, 1, 222, 57, 1, 1)
(20028, 1, 223, 87, 1, 1)
(20028, 1, 224, 80, 1, 1)
(20028, 1, 225, 74, 1, 1)
(20028, 1, 0, 9702, 0, 0)
(20029, 1, 209, 71, 1, 1)
(20029, 1, 210, 65, 1, 1)
(20029, 1, 211, 57, 1, 1)
(20029, 1, 212, 57, 1, 1)
(20029, 1, 213, 51, 1, 1)
(20029, 1, 214, 51, 1, 1)
(20029, 1, 0, 9648, 0, 0)
(20031, 1, 541, 5, 1, 1)
(20031, 1, 542, 2, 1, 1)
(20031, 1, 543, 10, 1, 1)
(20031, 1, 540, 7, 1, 1)
(20031, 1, 0, 9976, 0, 0)
(20032, 1, 544, 1, 1, 1)
(20032, 1, 545, 4, 1, 1)
(20032, 1, 546, 20, 1, 1)
(20032, 1, 547, 10, 1, 1)
(20032, 1, 0, 9965, 0, 0)
(20033, 1, 551, 42, 1, 1)
(20033, 1, 548, 45, 1, 1)
(20033, 1, 550, 50, 1, 1)
(20033, 1, 553, 36, 1, 1)
(20033, 1, 552, 45, 1, 1)
(20033, 1, 554, 45, 1, 1)
(20033, 1, 549, 33, 1, 1)
(20033, 1, 0, 9704, 0, 0)

=== TABLE: drop_tables ===
Columns: ['drop_table_id', 'name', 'description']
Row count: 17
(20010, 'body_Slime', 'Body-part drops for Slime')
(20011, 'body_Skeleton', 'Body-part drops for Skeleton')
(20012, 'body_Stone-Golem', 'Body-part drops for Stone-Golem')
(20013, 'body_Cyclops', 'Body-part drops for Cyclops')
(20014, 'body_Orc', 'Body-part drops for Orc')
(20016, 'body_Giant-Ant', 'Body-part drops for Giant-Ant')
(20017, 'body_Scorpion', 'Body-part drops for Scorpion')
(20018, 'body_Zombie', 'Body-part drops for Zombie')
(20022, 'body_Amphis', 'Body-part drops for Amphis')
(20023, 'body_Clay-Golem', 'Body-part drops for Clay-Golem')
(20027, 'body_Hellbound', 'Body-part drops for Hellbound')
(20028, 'body_Troll', 'Body-part drops for Troll')
(20029, 'body_Orge', 'Body-part drops for Orge')
(20030, 'body_Liche', 'Body-part drops for Liche')
(20031, 'body_Demon', 'Body-part drops for Demon')
(20032, 'body_Unicorn', 'Body-part drops for Unicorn')
(20033, 'body_WereWolf', 'Body-part drops for WereWolf')

=== TABLE: dup_item_ids ===
Columns: ['dup_id', 'touch_effect_type', 'touch_effect_value1', 'touch_effect_value2', 'touch_effect_value3', 'price']
Row count: 13
(1, 2, 20241, 14678, 9989, 37856)
(2, 2, 18973, 31109, 29735, 34464)
(3, 2, 6354, 27849, -19762, 34464)
(4, 2, 30420, 30326, -11353, 37856)
(5, 2, 4293, 19708, -17063, 34464)
(6, 2, 826, 23094, -19632, 34464)
(7, 2, 12628, 10715, 26066, 34464)
(8, 2, 1654, 16036, -7281, 34464)
(9, 2, 15461, 13040, 1529, 37856)
(10, 2, 762, 25913, 26628, 34464)
(11, 2, 17984, 17783, -20213, 34464)
(12, 2, 1708, 12950, -7076, 34464)
(13, 2, 4244, 16688, -12527, 10000)

=== TABLE: items ===
Columns: ['item_id', 'name', 'item_type', 'equip_pos', 'item_effect_type', 'item_effect_value1', 'item_effect_value2', 'item_effect_value3', 'item_effect_value4', 'item_effect_value5', 'item_effect_value6', 'max_lifespan', 'special_effect', 'sprite', 'sprite_frame', 'price', 'is_for_sale', 'weight', 'appr_value', 'speed', 'level_limit', 'gender_limit', 'special_effect_value1', 'special_effect_value2', 'related_skill', 'category', 'item_color']
Row count: 200
(1, 'Dagger', 1, 8, 1, 1, 5, 0, 1, 4, 0, 300, 0, 1, 0, 25, 1, 200, 1, 0, 0, 0, 0, -10, 7, 1, 0)
(2, 'Dagger(S.C)', 1, 8, 1, 1, 4, 0, 1, 3, 0, 800, 0, 1, 0, 55, 0, 200, 1, 0, 0, 0, 0, -10, 7, 1, 0)
(3, 'Dagger(Swd.breaker)', 1, 8, 1, 1, 4, 0, 1, 3, 0, 1, 0, 1, 0, 55, 0, 200, 1, 0, 0, 0, 0, -10, 7, 1, 0)
(4, 'Dagger+1', 1, 8, 1, 1, 5, 1, 1, 4, 1, 800, 0, 1, 0, 100, 1, 200, 1, 0, 10, 0, 0, -10, 7, 1, 0)
(6, 'KightDagger', 1, 8, 1, 1, 4, 0, 1, 3, 0, 800, 0, 1, 0, 35, 0, 200, 1, 0, 0, 0, 0, -10, 7, 1, 0)
(7, 'Dirk', 1, 8, 1, 1, 4, 0, 1, 3, 0, 800, 0, 1, 0, 35, 0, 200, 1, 0, 0, 0, 0, -10, 7, 1, 0)
(8, 'ShortSword', 1, 8, 1, 1, 6, 0, 1, 5, 0, 500, 0, 1, 1, 50, 1, 800, 2, 2, 0, 0, 0, -5, 7, 1, 0)
(9, 'ShortSword+1', 1, 8, 1, 1, 6, 1, 1, 5, 1, 800, 0, 1, 1, 200, 1, 800, 2, 2, 10, 0, 0, -5, 7, 1, 0)
(11, 'ShortSword(S.C)', 1, 8, 1, 1, 6, 0, 1, 5, 0, 800, 0, 1, 1, 100, 0, 800, 2, 2, 0, 0, 0, -5, 7, 1, 0)
(12, 'MainGauche', 1, 8, 1, 1, 7, 0, 1, 6, 0, 500, 0, 1, 1, 50, 1, 800, 2, 2, 0, 0, 0, -2, 7, 1, 0)
(13, 'MainGauche+1', 1, 8, 1, 1, 7, 1, 1, 6, 1, 800, 0, 1, 1, 200, 1, 800, 2, 2, 15, 0, 0, -2, 7, 1, 0)
(14, 'MainGauche(S.C)', 1, 8, 1, 1, 6, 0, 1, 4, 0, 800, 0, 1, 1, 100, 0, 800, 2, 2, 0, 0, 0, -2, 7, 1, 0)
(15, 'Gradius', 1, 8, 1, 1, 8, 0, 1, 7, 0, 500, 0, 1, 1, 90, 1, 800, 2, 2, 0, 0, 0, -2, 7, 1, 0)
(16, 'Gradius+1', 1, 8, 1, 1, 8, 1, 1, 7, 1, 800, 0, 1, 1, 350, 1, 800, 2, 2, 20, 0, 0, -2, 7, 1, 0)
(17, 'LongSword', 1, 8, 1, 1, 9, 0, 1, 10, 0, 800, 0, 1, 2, 180, 1, 1400, 3, 6, 0, 0, -1, 0, 8, 1, 0)
(18, 'LongSword+1', 1, 8, 1, 1, 9, 1, 1, 10, 1, 1400, 0, 1, 2, 650, 1, 1400, 3, 6, 25, 0, -1, 0, 8, 1, 0)
(19, 'LongSword+2', 1, 8, 1, 1, 9, 2, 1, 10, 2, 1400, 0, 1, 2, 2600, 0, 1600, 3, 6, 50, 0, -1, 0, 8, 1, 0)
(20, 'Excaliber', 1, 8, 1, 2, 10, 4, 2, 12, 4, 8000, 0, 1, 19, 31000, 0, 4000, 5, 0, 0, 0, -1, 0, 8, 1, 0)
(22, 'LongSword(S.C)', 1, 8, 1, 1, 8, 0, 1, 12, 0, 1400, 0, 1, 2, 250, 0, 1400, 3, 6, 0, 0, -1, 0, 8, 1, 0)
(23, 'Sabre', 1, 8, 1, 1, 8, 0, 1, 9, 0, 800, 0, 1, 3, 150, 1, 1200, 4, 5, 0, 0, -1, 0, 8, 1, 0)
(24, 'Sabre+1', 1, 8, 1, 1, 8, 1, 1, 9, 1, 1000, 0, 1, 3, 600, 1, 1200, 4, 5, 20, 0, -1, 0, 8, 1, 0)
(25, 'Scimitar', 1, 8, 1, 1, 10, 0, 1, 12, 0, 800, 0, 1, 4, 200, 1, 1800, 6, 6, 0, 0, -1, 3, 8, 1, 0)
(26, 'Scimitar+1', 1, 8, 1, 1, 10, 1, 1, 12, 1, 1000, 0, 1, 4, 800, 1, 1800, 6, 6, 30, 0, -1, 3, 8, 1, 0)
(27, 'Scimitar+2', 1, 8, 1, 1, 10, 2, 1, 12, 2, 1000, 0, 1, 4, 3200, 0, 2000, 6, 6, 70, 0, -1, 3, 8, 1, 0)
(28, 'Falchion', 1, 8, 1, 1, 12, 0, 2, 7, 0, 800, 0, 1, 5, 250, 1, 2200, 6, 6, 0, 0, -2, 2, 8, 1, 0)
(29, 'Falchion+1', 1, 8, 1, 1, 12, 1, 2, 7, 1, 1400, 0, 1, 5, 1000, 1, 2200, 6, 6, 35, 0, -2, 2, 8, 1, 0)
(30, 'Falchion+2', 1, 8, 1, 1, 12, 2, 2, 7, 2, 1400, 0, 1, 5, 4000, 0, 2200, 6, 6, 70, 0, -2, 2, 8, 1, 0)
(31, 'Esterk', 1, 8, 1, 1, 8, 0, 1, 12, 0, 800, 0, 1, 6, 400, 1, 1200, 7, 4, 0, 0, 0, 0, 9, 1, 0)
(32, 'Esterk+1', 1, 8, 1, 1, 8, 1, 1, 12, 1, 1400, 0, 1, 6, 800, 1, 1200, 7, 4, 20, 0, 0, 0, 9, 1, 0)
(33, 'Esterk+2', 1, 8, 1, 1, 8, 2, 1, 12, 2, 1400, 0, 1, 6, 3200, 0, 1200, 7, 4, 70, 0, 0, 0, 9, 1, 0)
(34, 'Rapier', 1, 8, 1, 1, 7, 0, 1, 10, 0, 800, 0, 1, 6, 300, 1, 1100, 7, 3, 0, 0, 0, 0, 9, 1, 0)
(35, 'Rapier+1', 1, 8, 1, 1, 7, 1, 1, 10, 1, 1000, 0, 1, 6, 1300, 1, 1100, 7, 3, 30, 0, 0, 0, 9, 1, 0)
(36, 'Rapier+2', 1, 8, 1, 1, 7, 2, 1, 10, 2, 1000, 0, 1, 6, 5200, 0, 1100, 7, 3, 70, 0, 0, 0, 9, 1, 0)
(37, 'TemplerSword', 1, 8, 1, 1, 8, 0, 1, 12, 0, 1000, 0, 1, 6, 1000, 0, 1200, 7, 5, 0, 0, -1, 1, 8, 1, 0)
(38, 'BroadSword', 1, 9, 1, 2, 7, 0, 2, 8, 0, 800, 0, 1, 7, 250, 1, 2800, 8, 6, 0, 0, -3, 2, 8, 1, 0)
(39, 'BroadSword+1', 1, 9, 1, 2, 7, 1, 2, 8, 1, 1400, 0, 1, 7, 1100, 1, 2800, 8, 6, 30, 0, -3, 2, 8, 1, 0)
(40, 'BroadSword+2', 1, 9, 1, 2, 7, 2, 2, 8, 2, 1400, 0, 1, 7, 4400, 0, 2800, 8, 6, 70, 0, -3, 2, 8, 1, 0)
(41, 'BroadSword(S.C)', 1, 9, 1, 2, 7, 0, 2, 8, 0, 1400, 0, 1, 7, 400, 0, 2800, 8, 6, 0, 0, -3, 2, 8, 1, 0)
(42, 'BastadSword', 1, 9, 1, 2, 8, 0, 2, 9, 0, 800, 0, 1, 8, 300, 1, 3300, 9, 6, 0, 0, -4, 3, 8, 1, 0)
(43, 'BastadSword+1', 1, 9, 1, 2, 8, 1, 2, 9, 1, 1400, 0, 1, 8, 1200, 1, 3300, 9, 6, 35, 0, -4, 3, 8, 1, 0)
(44, 'BastadSword+2', 1, 9, 1, 2, 8, 2, 2, 9, 2, 1400, 0, 1, 8, 4800, 0, 3300, 9, 6, 70, 0, -4, 3, 8, 1, 0)
(45, 'BastadSword(S.C)', 1, 9, 1, 2, 5, 0, 2, 9, 0, 1400, 0, 1, 8, 450, 0, 3300, 9, 6, 0, 0, -4, 3, 8, 1, 0)
(46, 'Claymore', 1, 9, 1, 2, 9, 0, 2, 10, 0, 1000, 0, 1, 9, 400, 1, 4000, 10, 7, 0, 0, -5, 4, 8, 1, 0)
(47, 'Claymore+1', 1, 9, 1, 2, 9, 1, 2, 10, 1, 1400, 0, 1, 9, 1800, 1, 4000, 10, 7, 40, 0, -5, 4, 8, 1, 0)
(48, 'Claymore+2', 1, 9, 1, 2, 9, 2, 2, 10, 2, 1400, 0, 1, 9, 7200, 0, 4000, 10, 7, 70, 0, -5, 4, 8, 1, 0)
(49, 'Claymore(S.C)', 1, 9, 1, 2, 9, 0, 2, 10, 0, 1400, 0, 1, 9, 600, 0, 4000, 10, 7, 0, 0, -5, 4, 8, 1, 0)
(50, 'GreatSword', 1, 9, 1, 2, 10, 0, 2, 11, 0, 1000, 0, 1, 10, 500, 1, 5200, 11, 8, 0, 0, -8, 5, 8, 1, 0)
(51, 'GreatSword+1', 1, 9, 1, 2, 10, 1, 2, 11, 1, 1400, 0, 1, 10, 2300, 1, 5200, 11, 8, 50, 0, -8, 5, 8, 1, 0)
(52, 'GreatSword+2', 1, 9, 1, 2, 10, 2, 2, 11, 2, 1400, 0, 1, 10, 9200, 0, 5200, 11, 8, 70, 0, -8, 5, 8, 1, 0)
(53, 'GreatSword(S.C)', 1, 9, 1, 2, 10, 0, 2, 11, 0, 1400, 0, 1, 10, 700, 0, 5200, 11, 8, 0, 0, -8, 5, 8, 1, 0)
(54, 'Flameberge', 1, 9, 1, 2, 11, 0, 2, 12, 0, 1000, 0, 1, 11, 700, 1, 6000, 12, 10, 0, 0, -15, 10, 8, 1, 0)
(55, 'Flameberge+1', 1, 9, 1, 2, 11, 1, 2, 12, 1, 1400, 0, 1, 11, 3300, 1, 6000, 12, 10, 60, 0, -15, 10, 8, 1, 0)
(56, 'Flameberge+2', 1, 9, 1, 2, 11, 2, 2, 12, 2, 1400, 0, 1, 11, 13200, 0, 6000, 12, 10, 70, 0, -15, 10, 8, 1, 0)
(57, 'Flameberge(S.C)', 1, 9, 1, 2, 11, 0, 2, 12, 0, 1400, 0, 1, 11, 1000, 0, 6000, 12, 10, 0, 0, -15, 10, 8, 1, 0)
(59, 'LightAxe', 1, 8, 1, 1, 6, 0, 1, 7, 0, 500, 0, 15, 2, 100, 1, 1400, 22, 3, 0, 0, 0, 0, 10, 1, 0)
(60, 'LightAxe+1', 1, 8, 1, 1, 6, 1, 1, 7, 1, 500, 0, 15, 2, 350, 1, 1400, 22, 3, 10, 0, 0, 0, 10, 1, 0)
(61, 'LightAxe+2', 1, 8, 1, 1, 6, 2, 1, 7, 2, 500, 0, 15, 2, 1400, 0, 1400, 22, 3, 70, 0, 0, 0, 10, 1, 0)
(62, 'Tomahoc', 1, 8, 1, 2, 3, 0, 2, 4, 0, 500, 0, 15, 2, 180, 1, 1700, 22, 4, 0, 0, 0, 0, 10, 1, 0)
(63, 'Tomahoc+1', 1, 8, 1, 2, 3, 1, 2, 4, 1, 500, 0, 15, 2, 700, 1, 1700, 22, 4, 20, 0, 0, 0, 10, 1, 0)
(64, 'Tomahoc+2', 1, 8, 1, 2, 3, 2, 2, 4, 2, 500, 0, 15, 2, 2800, 0, 1700, 22, 4, 70, 0, 0, 0, 10, 1, 0)
(65, 'SexonAxe', 1, 8, 1, 2, 4, 0, 2, 5, 0, 700, 0, 15, 3, 200, 1, 2000, 23, 4, 0, 0, 0, 0, 10, 1, 0)
(66, 'SexonAxe+1', 1, 8, 1, 2, 4, 1, 2, 5, 1, 700, 0, 15, 3, 800, 1, 2000, 23, 4, 30, 0, 0, 0, 10, 1, 0)
(67, 'SexonAxe+2', 1, 8, 1, 2, 4, 2, 2, 5, 2, 700, 0, 15, 3, 3200, 0, 2000, 23, 4, 70, 0, 0, 0, 10, 1, 0)
(68, 'DoubleAxe', 1, 8, 1, 3, 3, 0, 3, 3, 0, 800, 0, 15, 0, 560, 1, 3300, 20, 5, 0, 0, 0, 0, 10, 1, 0)
(69, 'DoubleAxe+1', 1, 8, 1, 3, 3, 1, 3, 3, 1, 800, 0, 15, 0, 1200, 1, 3300, 20, 5, 40, 0, 0, 0, 10, 1, 0)
(70, 'DoubleAxe+2', 1, 8, 1, 3, 3, 2, 3, 3, 2, 800, 0, 15, 0, 4800, 0, 3300, 20, 5, 70, 0, 0, 0, 10, 1, 0)
(71, 'WarAxe', 1, 8, 1, 3, 5, 0, 3, 6, 0, 1000, 0, 15, 1, 700, 1, 4400, 21, 8, 0, 0, 0, 0, 10, 1, 0)
(72, 'WarAxe+1', 1, 8, 1, 3, 5, 1, 3, 6, 1, 1000, 0, 15, 1, 2000, 1, 4400, 21, 8, 60, 0, 0, 0, 10, 1, 0)
(73, 'WarAxe+2', 1, 8, 1, 3, 5, 2, 3, 6, 2, 1000, 0, 15, 1, 8000, 0, 4400, 21, 8, 70, 0, 0, 0, 10, 1, 0)
(74, '4BladeGoldenAxe', 1, 8, 1, 3, 6, 0, 3, 6, 0, 2000, 0, 15, 4, 52000, 0, 2000, 24, 6, 60, 0, 0, 0, 10, 1, 0)
(75, 'ShortBow', 1, 9, 3, 1, 6, 0, 1, 6, 0, 500, 0, 2, 0, 100, 1, 800, 40, 4, 0, 0, 5, 0, 6, 3, 0)
(76, 'LongBow', 1, 9, 3, 1, 7, 0, 1, 7, 0, 800, 0, 2, 1, 200, 1, 1200, 41, 5, 0, 0, 0, 5, 6, 3, 0)
(77, 'Arrow', 6, 0, 0, 1, 4, 0, 1, 4, 0, 1, 0, 6, 10, 1, 1, 10, 1, 3, 0, 0, 0, 0, 0, 4, 0)
(78, 'PoisonArrow', 6, 0, 0, 1, 8, 0, 1, 8, 0, 1, 0, 6, 10, 5, 0, 10, 1, 5, 0, 0, 0, 0, 0, 4, 0)
(79, 'WoodShield', 1, 7, 2, 8, 1, 1, 1, 1, 1, 300, 0, 3, 0, 100, 1, 800, 1, 0, 0, 0, 0, 0, 11, 5, 0)
(80, 'LeatherShield', 1, 7, 2, 10, 1, 1, 1, 1, 1, 300, 0, 3, 1, 150, 1, 1000, 2, 0, 0, 0, 0, 0, 11, 5, 0)
(81, 'TargeShield', 1, 7, 2, 13, 1, 1, 1, 1, 1, 500, 0, 3, 2, 250, 1, 1800, 3, 0, 0, 0, 0, 0, 11, 5, 0)
(82, 'ScootermShield', 1, 7, 2, 16, 1, 1, 1, 1, 1, 500, 0, 3, 3, 300, 1, 2000, 4, 0, 0, 0, 0, 0, 11, 5, 0)
(83, 'BlondeShield', 1, 7, 2, 18, 1, 1, 1, 1, 1, 500, 0, 3, 4, 450, 1, 2000, 5, 0, 0, 0, 0, 0, 11, 5, 0)
(84, 'IronShield', 1, 7, 2, 22, 1, 1, 1, 1, 1, 500, 0, 3, 5, 700, 1, 2500, 6, 0, 0, 0, -2, 0, 11, 5, 0)
(85, 'LagiShield', 1, 7, 2, 26, 1, 1, 1, 1, 1, 800, 0, 3, 6, 1300, 1, 3000, 7, 0, 0, 0, -4, 0, 11, 5, 0)
(86, 'KnightShield', 1, 7, 2, 30, 1, 1, 1, 1, 1, 800, 0, 3, 7, 1500, 1, 3200, 8, 0, 0, 0, -8, -5, 11, 5, 0)
(87, 'TowerShield', 1, 7, 2, 35, 1, 1, 1, 1, 1, 800, 0, 3, 8, 1800, 1, 4000, 9, 0, 0, 0, -10, -10, 11, 5, 0)
(88, 'GuildAdmissionTicket', 0, 0, 0, 0, 0, 0, 0, 0, 0, 0, 0, 6, 9, 5, 1, 1, -1, 0, 0, 0, 0, 0, -1, 42, 0)
(89, 'GuildSecessionTicket', 0, 0, 0, 0, 0, 0, 0, 0, 0, 0, 0, 6, 9, 5, 1, 1, -1, 0, 0, 0, 0, 0, -1, 42, 0)
(90, 'Gold', 5, 0, 0, 0, 0, 0, 0, 0, 0, 0, 0, 6, 0, 1, 1, 1, -1, 0, 0, 0, 0, 0, -1, 42, 0)
(91, 'RedPotion', 7, 0, 4, 2, 12, 10, 0, 0, 0, 1, 0, 6, 1, 10, 1, 30, -1, 0, 0, 0, 0, 0, -1, 21, 0)
(92, 'BigRedPotion', 7, 0, 4, 3, 8, 40, 0, 0, 0, 1, 0, 6, 2, 65, 1, 100, -1, 0, 0, 0, 0, 0, -1, 21, 0)
(93, 'BluePotion', 7, 0, 5, 2, 12, 10, 0, 0, 0, 1, 0, 6, 3, 10, 1, 30, -1, 0, 0, 0, 0, 0, -1, 21, 0)
(94, 'BigBluePotion', 7, 0, 5, 4, 8, 50, 0, 0, 0, 1, 0, 6, 4, 65, 1, 100, -1, 0, 0, 0, 0, 0, -1, 21, 0)
(95, 'GreenPotion', 7, 0, 6, 2, 12, 10, 0, 0, 0, 1, 0, 6, 5, 10, 1, 30, -1, 0, 0, 0, 0, 0, -1, 21, 0)
(96, 'BigGreenPotion', 7, 0, 6, 4, 8, 50, 0, 0, 0, 1, 0, 6, 6, 65, 1, 100, -1, 0, 0, 0, 0, 0, -1, 21, 0)
(97, 'DilutionPotion', 3, 0, 9, 23, 20, 0, 0, 0, 0, 1, 0, 6, 5, 200, 1, 30, -1, 0, 0, 0, 0, 0, -1, 42, 0)
(98, 'Baguette', 7, 0, 7, 2, 8, 10, 0, 0, 0, 1, 0, 6, 8, 5, 1, 17, -1, 0, 0, 0, 0, 0, -1, 31, 0)
(99, 'Meat', 7, 0, 7, 4, 8, 10, 0, 0, 0, 1, 0, 6, 7, 10, 1, 52, -1, 0, 0, 0, 0, 0, -1, 31, 0)
(100, 'Fish', 7, 0, 7, 4, 8, 10, 0, 0, 0, 1, 0, 6, 11, 30, 1, 30, -1, 0, 0, 0, 0, 0, -1, 31, 0)
(101, 'RedFish', 7, 0, 7, 8, 4, 60, 0, 0, 0, 1, 0, 6, 14, 400, 0, 100, -1, 0, 0, 0, 0, 0, -1, 31, 0)
(102, 'GreenFish', 7, 0, 7, 8, 4, 40, 0, 0, 0, 1, 0, 6, 15, 200, 0, 100, -1, 0, 0, 0, 0, 0, -1, 31, 0)
(103, 'YellowFish', 7, 0, 7, 8, 4, 30, 0, 0, 0, 1, 0, 6, 16, 100, 0, 100, -1, 0, 0, 0, 0, 0, -1, 31, 0)
(104, 'Map', 9, 0, 10, 1, 0, 0, 0, 0, 0, 35, 0, 6, 9, 30, 1, 1, -1, 0, 0, 0, 0, 0, -1, 42, 0)
(105, 'FishingRod', 8, 0, 0, 1, 8, 0, 0, 0, 0, 200, 0, 14, 0, 100, 1, 300, -1, 0, 0, 0, 0, 0, 1, 43, 0)
(106, 'PretendCorpseManual', 3, 0, 9, 19, 20, 0, 0, 0, 0, 0, 0, 6, 92, 100, 1, 1, -1, 0, 0, 0, 0, 0, -1, 42, 0)
(107, 'ArcheryManual', 3, 0, 9, 6, 20, 0, 0, 0, 0, 0, 0, 6, 92, 100, 1, 1, -1, 0, 0, 0, 0, 0, -1, 42, 0)
(108, 'ShieldManual', 3, 0, 9, 11, 20, 0, 0, 0, 0, 0, 0, 6, 92, 100, 1, 1, -1, 0, 0, 0, 0, 0, -1, 42, 0)
(109, 'LongSwordManual', 3, 0, 9, 8, 20, 0, 0, 0, 0, 0, 0, 6, 92, 100, 1, 1, -1, 0, 0, 0, 0, 0, -1, 42, 0)
(110, 'FencingManual', 3, 0, 9, 9, 20, 0, 0, 0, 0, 0, 0, 6, 92, 100, 1, 1, -1, 0, 0, 0, 0, 0, -1, 42, 0)
(111, 'FishingManual', 3, 0, 9, 1, 20, 0, 0, 0, 0, 0, 0, 6, 92, 100, 1, 1, -1, 0, 0, 0, 0, 0, -1, 42, 0)
(112, 'AxeManual', 3, 0, 9, 10, 20, 0, 0, 0, 0, 0, 0, 6, 92, 100, 1, 1, -1, 0, 0, 0, 0, 0, -1, 42, 0)
(113, 'MagicResistManual', 3, 0, 9, 3, 20, 0, 0, 0, 0, 0, 0, 6, 92, 500, 1, 1, -1, 0, 0, 0, 0, 0, -1, 42, 0)
(114, 'RecallScroll', 3, 0, 11, 1, 0, 0, 0, 0, 0, 1, 0, 6, 9, 120, 1, 1, -1, 0, 0, 0, 0, 0, -1, 42, 0)
(115, 'InvisibilityScroll', 3, 0, 11, 2, 0, 0, 0, 0, 0, 1, 0, 6, 9, 560, 1, 1, -1, 0, 0, 0, 0, 0, -1, 42, 0)
(116, 'DetectInviScroll', 3, 0, 11, 3, 0, 0, 0, 0, 0, 1, 0, 6, 9, 330, 1, 1, -1, 0, 0, 0, 0, 0, -1, 42, 0)
(117, 'BleedingIslandTicket', 3, 0, 11, 4, 1, 0, 0, 0, 0, 1, 0, 6, 9, 100, 1, 1, -1, 0, 0, 0, 0, 0, -1, 42, 0)
(188, 'SnakeMeat', 7, 0, 7, 4, 8, 20, 0, 0, 0, 1, 0, 6, 17, 57, 0, 45, 1, 0, 0, 0, 0, 0, -1, 31, 0)
(189, 'SnakeSkin', 5, 0, 0, 0, 0, 0, 0, 0, 0, 1, 0, 6, 18, 175, 0, 20, 1, 0, 0, 0, 0, 0, -1, 31, 0)
(190, 'SnakeTeeth', 5, 0, 0, 0, 0, 0, 0, 0, 0, 1, 0, 6, 19, 55, 0, 5, 1, 0, 0, 0, 0, 0, -1, 31, 0)
(191, 'SnakeTongue', 5, 0, 0, 0, 0, 0, 0, 0, 0, 1, 0, 6, 20, 50, 0, 3, 1, 0, 0, 0, 0, 0, -1, 31, 0)
(192, 'AntLeg', 5, 0, 0, 0, 0, 0, 0, 0, 0, 1, 0, 6, 21, 32, 0, 17, 1, 0, 0, 0, 0, 0, -1, 31, 0)
(193, 'AntFeeler', 5, 0, 0, 0, 0, 0, 0, 0, 0, 1, 0, 6, 22, 34, 0, 10, 1, 0, 0, 0, 0, 0, -1, 31, 0)
(194, 'CyclopsEye', 0, 0, 0, 0, 0, 0, 0, 0, 0, 1, 0, 6, 23, 170, 0, 330, 1, 0, 0, 0, 0, 0, -1, 31, 0)
(195, 'CyclopsHandEdge', 0, 0, 0, 0, 0, 0, 0, 0, 0, 1, 0, 6, 24, 270, 0, 4000, 1, 0, 0, 0, 0, 0, -1, 31, 0)
(196, 'CyclopsHeart', 0, 0, 0, 0, 0, 0, 0, 0, 0, 1, 0, 6, 25, 160, 0, 1230, 1, 0, 0, 0, 0, 0, -1, 31, 0)
(197, 'CyclopsMeat', 7, 0, 7, 4, 8, 30, 0, 0, 0, 1, 0, 6, 26, 90, 0, 500, 1, 0, 0, 0, 0, 0, -1, 31, 0)
(198, 'CyclopsLeather', 5, 0, 0, 0, 0, 0, 0, 0, 0, 1, 0, 6, 27, 600, 0, 350, 1, 0, 0, 0, 0, 0, -1, 31, 0)
(199, 'HelboundHeart', 0, 0, 0, 0, 0, 0, 0, 0, 0, 1, 0, 6, 28, 90, 0, 820, 1, 0, 0, 0, 0, 0, -1, 31, 0)
(200, 'HelboundLeather', 5, 0, 0, 0, 0, 0, 0, 0, 0, 1, 0, 6, 29, 320, 0, 200, 1, 0, 0, 0, 0, 0, -1, 31, 0)
(201, 'HelboundTail', 5, 0, 0, 0, 0, 0, 0, 0, 0, 1, 0, 6, 30, 70, 0, 250, 1, 0, 0, 0, 0, 0, -1, 31, 0)
(202, 'HelboundTeeth', 5, 0, 0, 0, 0, 0, 0, 0, 0, 1, 0, 6, 31, 70, 0, 130, 1, 0, 0, 0, 0, 0, -1, 31, 0)
(203, 'HelboundClaw', 5, 0, 0, 0, 0, 0, 0, 0, 0, 1, 0, 6, 32, 70, 0, 280, 1, 0, 0, 0, 0, 0, -1, 31, 0)
(204, 'HelboundTongue', 5, 0, 0, 0, 0, 0, 0, 0, 0, 1, 0, 6, 33, 75, 0, 150, 1, 0, 0, 0, 0, 0, -1, 31, 0)
(205, 'LumpofClay', 5, 0, 0, 0, 0, 0, 0, 0, 0, 1, 0, 6, 34, 95, 0, 230, 1, 0, 0, 0, 0, 0, -1, 31, 0)
(206, 'OrcMeat', 7, 0, 7, 2, 4, 5, 0, 0, 0, 1, 0, 6, 35, 50, 0, 100, 1, 0, 0, 0, 0, 0, -1, 31, 0)
(207, 'OrcLeather', 5, 0, 0, 0, 0, 0, 0, 0, 0, 1, 0, 6, 36, 193, 0, 100, 1, 0, 0, 0, 0, 0, -1, 31, 0)
(208, 'OrcTeeth', 5, 0, 0, 0, 0, 0, 0, 0, 0, 1, 0, 6, 37, 56, 0, 50, 1, 0, 0, 0, 0, 0, -1, 31, 0)
(209, 'OgreHair', 5, 0, 0, 0, 0, 0, 0, 0, 0, 1, 0, 6, 38, 230, 0, 250, 1, 0, 0, 0, 0, 0, -1, 31, 0)
(210, 'OgreHeart', 0, 0, 0, 0, 0, 0, 0, 0, 0, 1, 0, 6, 39, 340, 0, 1580, 1, 0, 0, 0, 0, 0, -1, 31, 0)
(211, 'OgreMeat', 7, 0, 7, 4, 8, 50, 0, 0, 0, 1, 0, 6, 40, 200, 0, 710, 1, 0, 0, 0, 0, 0, -1, 31, 0)
(212, 'OgreLeather', 5, 0, 0, 0, 0, 0, 0, 0, 0, 1, 0, 6, 41, 840, 0, 650, 1, 0, 0, 0, 0, 0, -1, 31, 0)
(213, 'OgreTeeth', 5, 0, 0, 0, 0, 0, 0, 0, 0, 1, 0, 6, 42, 215, 0, 230, 1, 0, 0, 0, 0, 0, -1, 31, 0)
(214, 'OgreClaw', 5, 0, 0, 0, 0, 0, 0, 0, 0, 1, 0, 6, 43, 215, 0, 370, 1, 0, 0, 0, 0, 0, -1, 31, 0)
(215, 'ScorpionPincers', 0, 0, 0, 0, 0, 0, 0, 0, 0, 1, 0, 6, 44, 50, 0, 1200, 1, 0, 0, 0, 0, 0, -1, 31, 0)
(216, 'ScorpionMeat', 7, 0, 7, 4, 8, 25, 0, 0, 0, 1, 0, 6, 45, 55, 0, 450, 1, 0, 0, 0, 0, 0, -1, 31, 0)
(217, 'ScorpionSting', 0, 0, 0, 0, 0, 0, 0, 0, 0, 1, 0, 6, 46, 55, 0, 1000, 1, 0, 0, 0, 0, 0, -1, 31, 0)
(218, 'ScorpionSkin', 5, 0, 0, 0, 0, 0, 0, 0, 0, 1, 0, 6, 47, 90, 0, 380, 1, 0, 0, 0, 0, 0, -1, 31, 0)
(219, 'SkeletonBones', 5, 0, 0, 0, 0, 0, 0, 0, 0, 1, 0, 6, 48, 50, 0, 1300, 1, 0, 0, 0, 0, 0, -1, 31, 0)
(220, 'SlimeJelly', 5, 0, 0, 0, 0, 0, 0, 0, 0, 1, 0, 6, 49, 10, 0, 100, 1, 0, 0, 0, 0, 0, -1, 31, 0)
(221, 'StoneGolemPiece', 5, 0, 0, 0, 0, 0, 0, 0, 0, 1, 0, 6, 50, 50, 0, 500, 1, 0, 0, 0, 0, 0, -1, 31, 0)
(222, 'TrollHeart', 0, 0, 0, 0, 0, 0, 0, 0, 0, 1, 0, 6, 51, 145, 0, 1050, 1, 0, 0, 0, 0, 0, -1, 31, 0)
(223, 'TrollMeat', 7, 0, 7, 8, 4, 50, 0, 0, 0, 1, 0, 6, 52, 180, 0, 500, 1, 0, 0, 0, 0, 0, -1, 31, 0)
(224, 'TrollLeather', 5, 0, 0, 0, 0, 0, 0, 0, 0, 1, 0, 6, 53, 335, 0, 450, 1, 0, 0, 0, 0, 0, -1, 31, 0)
(225, 'TrollClaw', 5, 0, 0, 0, 0, 0, 0, 0, 0, 1, 0, 6, 54, 70, 0, 290, 1, 0, 0, 0, 0, 0, -1, 31, 0)
(226, 'AlchemyManual', 3, 0, 9, 12, 20, 0, 0, 0, 0, 0, 0, 6, 92, 100, 1, 1, -1, 0, 0, 0, 0, 0, -1, 42, 0)
(227, 'AlchemyBowl', 10, 0, 0, 1, 0, 0, 0, 0, 0, 300, 0, 6, 55, 1000, 1, 700, -1, 0, 0, 0, 0, 0, -1, 21, 0)
(230, 'MiningManual', 3, 0, 9, 0, 20, 0, 0, 0, 0, 0, 0, 6, 92, 100, 1, 1, -1, 0, 0, 0, 0, 0, -1, 42, 0)
(231, 'PickAxe', 1, 8, 1, 2, 4, 0, 2, 4, 0, 1000, 0, 15, 5, 500, 1, 1000, 25, 10, 0, 0, 0, 0, 0, 1, 0)
(232, 'Hoe', 1, 8, 1, 2, 4, 0, 2, 4, 0, 800, 0, 15, 9, 300, 1, 1000, 27, 5, 0, 0, 0, 0, -1, 1, 0)
(235, 'ManufacturingManual', 3, 0, 9, 13, 20, 0, 0, 0, 0, 0, 0, 6, 92, 100, 1, 1, -1, 0, 0, 0, 0, 0, -1, 42, 0)
(236, 'ManufacturingHammer', 10, 0, 0, 1, 0, 0, 0, 0, 0, 300, 0, 6, 113, 1500, 1, 2000, -1, 0, 0, 0, 0, 0, -1, 21, 0)
(237, 'HammerAttackManual', 3, 0, 9, 14, 20, 0, 0, 0, 0, 0, 0, 6, 92, 100, 1, 1, -1, 0, 0, 0, 0, 0, -1, 42, 0)
(245, 'AresdenFlag(Master)', 11, 0, 16, 1, 1, 0, 0, 0, 0, 1, 0, 6, 56, 100, 0, 1, -1, 0, 0, 0, 0, 0, -1, 42, 0)
(246, 'ElvineFlag(Master)', 11, 0, 16, 2, 1, 0, 0, 0, 0, 1, 0, 6, 57, 100, 0, 1, -1, 0, 0, 0, 0, 0, -1, 42, 0)
(247, 'AresdenFlag', 11, 0, 16, 1, 0, 0, 0, 0, 0, 1, 0, 6, 56, 100, 0, 1, -1, 0, 0, 0, 0, 0, -1, 42, 0)
(248, 'ElvineFlag', 11, 0, 16, 2, 0, 0, 0, 0, 0, 1, 0, 6, 57, 100, 0, 1, -1, 0, 0, 0, 0, 0, -1, 42, 0)
(250, 'WandAttackManual', 3, 0, 9, 21, 20, 0, 0, 0, 0, 0, 0, 6, 92, 100, 1, 1, -1, 0, 0, 0, 0, 0, -1, 42, 0)
(256, 'MagicWand(MS20)', 1, 8, 13, 2, 4, 0, 20, 0, 0, 3600, 0, 17, 1, 5000, 1, 1000, 36, 3, 50, 0, 0, 0, 21, 8, 0)
(257, 'MagicWand(MS10)', 1, 8, 13, 2, 4, 0, 10, 0, 0, 2400, 0, 17, 1, 2500, 1, 1000, 36, 3, 40, 0, 0, 0, 21, 8, 0)
(258, 'MagicWand(MS0)', 1, 8, 13, 2, 4, 0, 0, 0, 0, 1200, 0, 17, 1, 1000, 1, 1000, 36, 3, 30, 0, 0, 0, 21, 8, 0)
(259, 'MagicWand(M.Shield)', 1, 8, 20, 2, 4, 0, 0, 0, 0, 5000, 30, 17, 1, 8200, 0, 1000, 36, 3, 0, 0, 0, 0, 21, 8, 0)
(270, 'HairColorPotion', 7, 0, 12, 1, 0, 0, 0, 0, 0, 1, 0, 6, 5, 300, 0, 100, -1, 0, 0, 0, 0, 0, -1, 21, 0)
(271, 'HairStylePotion', 7, 0, 12, 2, 0, 0, 0, 0, 0, 1, 0, 6, 5, 400, 0, 100, -1, 0, 0, 0, 0, 0, -1, 21, 0)
(272, 'SkinColorPotion', 7, 0, 12, 3, 0, 0, 0, 0, 0, 1, 0, 6, 5, 500, 0, 100, -1, 0, 0, 0, 0, 0, -1, 21, 0)
(273, 'InvisibilityPotion', 7, 0, 11, 2, 0, 0, 0, 0, 0, 1, 0, 6, 5, 700, 0, 100, -1, 0, 0, 0, 0, 0, -1, 21, 0)
(274, 'SexChangePotion', 7, 0, 12, 4, 0, 0, 0, 0, 0, 1, 0, 6, 5, 4000, 0, 100, -1, 0, 0, 0, 0, 0, -1, 21, 0)
(275, 'OgrePotion', 7, 0, 11, 5, 8, 0, 0, 0, 0, 1, 0, 6, 5, 5000, 0, 100, -1, 0, 0, 0, 0, 0, -1, 21, 0)
(276, 'UnderWearPotion', 7, 0, 12, 5, 0, 0, 0, 0, 0, 1, 0, 6, 5, 4000, 0, 100, -1, 0, 0, 0, 0, 0, -1, 21, 0)
(290, 'Flameberge+3(LLF)', 1, 9, 1, 2, 11, 3, 2, 12, 3, 8000, 0, 1, 11, 21000, 0, 6000, 12, 10, 0, 0, -15, 10, 8, 1, 0)
(291, 'MagicWand(MS30-LLF)', 1, 8, 13, 2, 4, 0, 30, 0, 0, 4800, 0, 17, 0, 10000, 0, 1000, 35, 3, 0, 0, 0, 0, 21, 8, 0)
(292, 'GoldenAxe(LLF)', 1, 8, 1, 2, 8, 0, 2, 8, 0, 2000, 0, 15, 4, 32000, 0, 2000, 24, 6, 0, 0, 0, 0, 10, 1, 0)
(300, 'MagicNecklace(RM10)', 1, 6, 14, 1, 10, 0, 0, 0, 0, 300, 0, 16, 4, 2250, 0, 400, -1, 0, 30, 0, 0, -10, -1, 46, 0)
(305, 'MagicNecklace(DM+1)', 1, 6, 14, 3, 1, 0, 0, 0, 0, 300, 0, 16, 5, 39800, 0, 400, -1, 0, 65, 0, 0, -10, -1, 46, 0)
(308, 'MagicNecklace(MS10)', 1, 6, 14, 2, 10, 0, 0, 0, 0, 300, 0, 16, 7, 7000, 0, 400, -1, 0, 50, 0, 0, -10, -1, 46, 0)
(311, 'MagicNecklace(DF+10)', 1, 6, 14, 4, 10, 0, 0, 0, 0, 300, 0, 16, 6, 19000, 0, 400, -1, 0, 50, 0, 0, -10, -1, 46, 0)
(315, 'GoldNecklace', 1, 6, 0, 0, 0, 0, 0, 0, 0, 300, 0, 16, 8, 1000, 1, 300, -1, 0, 0, 0, 0, -10, -1, 46, 0)
(316, 'SilverNecklace', 1, 6, 0, 0, 0, 0, 0, 0, 0, 300, 0, 16, 9, 500, 1, 300, -1, 0, 0, 0, 0, -10, -1, 46, 0)
(331, 'GoldRing', 1, 10, 0, 0, 0, 0, 0, 0, 0, 300, 0, 16, 14, 700, 1, 200, -1, 0, 0, 0, 0, -10, -1, 46, 0)
(332, 'SilverRing', 1, 10, 0, 0, 0, 0, 0, 0, 0, 300, 0, 16, 15, 350, 1, 200, -1, 0, 0, 0, 0, -10, -1, 46, 0)
(333, 'PlatinumRing', 1, 10, 0, 0, 0, 0, 0, 0, 0, 300, 0, 16, 15, 750, 0, 200, -1, 0, 0, 0, 0, -10, -1, 46, 0)
(334, 'LuckyGoldRing', 1, 10, 14, 5, 0, 0, 0, 0, 0, 300, 0, 16, 13, 2750, 0, 200, -1, 0, 0, 0, 0, -10, -1, 46, 0)
(335, 'EmeraldRing', 1, 10, 15, 0, 0, 0, 0, 0, 0, 9000, 0, 16, 10, 2500, 0, 200, -1, 0, 0, 0, 0, -10, -1, 46, 0)
(336, 'SapphireRing', 1, 10, 0, 0, 0, 0, 0, 0, 0, 5000, 0, 16, 11, 2450, 0, 200, -1, 0, 0, 0, 0, -10, -1, 46, 0)
(337, 'RubyRing', 1, 10, 15, 0, 0, 0, 0, 0, 0, 5000, 0, 16, 12, 1800, 0, 200, -1, 0, 0, 0, 0, -10, -1, 46, 0)
(338, 'MemorialRing', 1, 10, 0, 0, 0, 0, 0, 0, 0, 300, 0, 16, 12, 1000, 0, 200, -1, 0, 0, 0, 0, -10, -1, 46, 0)
(350, 'Diamond', 5, 0, 0, 0, 0, 0, 0, 0, 0, 1, 0, 16, 42, 3000, 0, 200, 1, 0, 0, 0, 0, 0, -1, 46, 0)
(351, 'Ruby', 5, 0, 0, 0, 0, 0, 0, 0, 0, 1, 0, 16, 43, 2000, 0, 200, 1, 0, 0, 0, 0, 0, -1, 46, 0)
(352, 'Sapphire', 5, 0, 0, 0, 0, 0, 0, 0, 0, 1, 0, 16, 44, 2000, 0, 200, 1, 0, 0, 0, 0, 0, -1, 46, 0)
(353, 'Emerald', 5, 0, 0, 0, 0, 0, 0, 0, 0, 1, 0, 16, 45, 2000, 0, 200, 1, 0, 0, 0, 0, 0, -1, 46, 0)
(354, 'GoldNugget', 5, 0, 0, 0, 0, 0, 0, 0, 0, 1, 0, 16, 21, 300, 0, 300, 1, 0, 0, 0, 0, 0, -1, 46, 0)
(355, 'Coal', 5, 0, 0, 0, 0, 0, 0, 0, 0, 1, 0, 16, 22, 50, 0, 180, 1, 0, 0, 0, 0, 0, -1, 46, 0)
(356, 'SilverNugget', 5, 0, 0, 0, 0, 0, 0, 0, 0, 1, 0, 16, 23, 200, 0, 220, 1, 0, 0, 0, 0, 0, -1, 46, 0)
(357, 'IronOre', 5, 0, 0, 0, 0, 0, 0, 0, 0, 1, 0, 16, 24, 100, 0, 250, 1, 0, 0, 0, 0, 0, -1, 46, 0)

=== TABLE: magic_configs ===
Columns: ['magic_id', 'name', 'magic_type', 'delay_time', 'last_time', 'value1', 'value2', 'value3', 'value4', 'value5', 'value6', 'value7', 'value8', 'value9', 'value10', 'value11', 'value12', 'int_limit', 'gold_cost', 'category', 'attribute']
Row count: 65
(0, 'Magic-Missile', 1, 0, 0, 8, 1, 1, 1, 8, 0, 0, 0, 0, 0, 0, 0, 18, 100, 1, 2)
(1, 'Heal', 2, 0, 0, 15, 1, 1, 2, 6, 10, 0, 0, 0, 0, 0, 0, 20, 100, 0, 4)
(2, 'Create-Food', 10, 0, 0, 18, 1, 1, 1, 0, 0, 0, 0, 0, 0, 0, 0, 18, 100, 0, 0)
(10, 'Energy-Bolt', 3, 0, 0, 15, 2, 2, 2, 4, 1, 2, 4, 1, 0, 0, 0, 24, 200, 1, 2)
(11, 'Staminar-Drain', 5, 0, 0, 14, 3, 3, 4, 6, 10, 2, 6, 5, 0, 0, 0, 22, 200, 1, 0)
(12, 'Recall', 8, 0, 0, 15, 1, 1, 1, 0, 0, 0, 0, 0, 0, 0, 0, 20, 120, 0, 0)
(13, 'Defense-Shield', 11, 0, 60, 19, 1, 1, 3, 0, 0, 0, 0, 0, 0, 0, 0, 26, 200, 2, 0)
(14, 'Celebrating-Light', 5, 0, 0, 20, 1, 1, 0, 0, 0, 0, 0, 0, 0, 0, 0, 25, 400, 0, 0)
(20, 'Fire-Ball', 3, 0, 0, 27, 2, 2, 2, 6, 2, 2, 6, 2, 0, 0, 0, 26, 500, 1, 3)
(21, 'Great-Heal', 2, 0, 0, 28, 1, 1, 4, 10, 20, 0, 0, 0, 0, 0, 0, 28, 500, 0, 0)
(23, 'Staminar-Recovery', 7, 0, 0, 20, 3, 3, 4, 8, 8, 2, 6, 5, 0, 0, 0, 20, 300, 0, 0)
(24, 'Protection-From-Arrow', 11, 0, 60, 22, 1, 1, 1, 0, 0, 0, 0, 0, 0, 0, 0, 20, 300, 2, 0)
(25, 'Hold-Person', 12, 0, 30, 24, 1, 1, 1, 0, 0, 0, 0, 0, 0, 0, 0, 26, 500, 1, 0)
(26, 'Possession', 15, 0, 0, 25, 1, 1, 1, 0, 0, 0, 0, 0, 0, 0, 0, 26, 500, 1, 0)
(27, 'Poison', 17, 0, 0, 28, 1, 1, 1, 15, 0, 0, 0, 0, 0, 0, 0, 29, 700, 1, 1)
(28, 'Great-Staminar-Recov.', 7, 0, 0, 45, 3, 3, 4, 16, 16, 2, 12, 10, 0, 0, 0, 30, 800, 0, 0)
(30, 'Fire-Strike', 3, 0, 0, 36, 2, 2, 2, 8, 3, 2, 8, 3, 0, 0, 0, 34, 1000, 1, 3)
(31, 'Summon-Creature', 9, 0, 0, 35, 1, 1, 1, 1, 0, 0, 0, 0, 0, 0, 0, 38, 1000, 1, 1)
(32, 'Invisibility', 13, 0, 60, 31, 1, 1, 1, 0, 0, 0, 0, 0, 0, 0, 0, 30, 800, 1, 0)
(33, 'Protection-From-Magic', 11, 0, 60, 35, 1, 1, 2, 0, 0, 0, 0, 0, 0, 0, 0, 32, 850, 2, 0)
(34, 'Detect-Invisibility', 13, 0, 0, 33, 1, 1, 2, 0, 0, 0, 0, 0, 0, 0, 0, 30, 700, 0, 0)
(35, 'Paralyze', 12, 0, 50, 35, 1, 1, 2, 0, 0, 0, 0, 0, 0, 0, 0, 36, 1000, 1, 0)
(36, 'Cure', 17, 0, 0, 32, 1, 1, 0, 0, 0, 0, 0, 0, 0, 0, 0, 35, 700, 0, 1)
(37, 'Lightning-Arrow', 1, 0, 0, 32, 1, 1, 4, 5, 10, 0, 0, 0, 0, 0, 0, 38, 1100, 1, 2)
(38, 'Tremor', 22, 0, 0, 34, 2, 2, 3, 4, 3, 3, 4, 3, 0, 0, 0, 33, 1000, 1, 1)
(40, 'Fire-Wall', 14, 0, 30, 42, 1, 1, 2, 8, 0, 2, 8, 0, 1, 1, 2, 45, 1200, 1, 3)
(41, 'Fire-Field', 14, 0, 30, 48, 1, 1, 2, 8, 0, 2, 8, 0, 1, 2, 1, 48, 1400, 1, 3)
(42, 'Confuse-Language', 16, 0, 120, 40, 1, 1, 1, 0, 0, 0, 0, 0, 0, 0, 0, 42, 1300, 1, 0)
(43, 'Lightning', 1, 0, 0, 44, 1, 1, 4, 7, 12, 0, 0, 0, 0, 0, 0, 47, 1700, 1, 2)
(44, 'Great-Defense-Shield', 11, 0, 40, 45, 1, 1, 4, 0, 0, 0, 0, 0, 0, 0, 0, 46, 1500, 2, 0)
(45, 'Chill-Wind', 23, 0, 0, 48, 2, 2, 2, 8, 3, 2, 8, 3, 5, 0, 0, 50, 2000, 1, 4)
(46, 'Poison-Cloud', 14, 0, 30, 48, 1, 1, 0, 15, 0, 0, 0, 0, 10, 2, 1, 49, 1800, 1, 1)
(47, 'Triple-Energy-Bolt', 3, 0, 0, 40, 2, 2, 2, 4, 2, 3, 8, 3, 0, 0, 0, 45, 1700, 1, 2)
(50, 'Berserk', 18, 0, 40, 57, 1, 1, 1, 0, 0, 0, 0, 0, 0, 0, 0, 59, 2200, 1, 0)
(51, 'Lightning-Bolt', 19, 0, 0, 58, 2, 2, 4, 5, 18, 4, 2, 6, 0, 0, 0, 58, 2500, 1, 2)
(53, 'Mass-Poison', 17, 0, 0, 54, 1, 1, 1, 40, 0, 0, 0, 0, 0, 0, 0, 52, 2100, 1, 1)
(54, 'Spike-Field', 14, 0, 30, 56, 1, 1, 2, 8, 0, 2, 8, 0, 9, 2, 2, 56, 2300, 1, 1)
(55, 'Ice-Storm', 14, 0, 30, 58, 1, 1, 4, 0, 0, 0, 0, 0, 8, 1, 0, 59, -1, 1, 4)
(56, 'Mass-Lightning-Arrow', 1, 0, 0, 55, 1, 1, 5, 6, 20, 0, 0, 0, 0, 0, 0, 53, 3000, 1, 2)
(57, 'Ice-Strike', 23, 0, 0, 59, 2, 2, 5, 6, 12, 0, 0, 0, 4, 0, 0, 60, 4200, 1, 4)
(60, 'Energy-Strike', 21, 0, 0, 65, 2, 2, 0, 0, 0, 7, 6, 17, 0, 0, 0, 67, 5000, 1, 2)
(61, 'Mass-Fire-Strike', 3, 0, 0, 80, 2, 3, 5, 6, 12, 7, 10, 18, 0, 0, 0, 85, -1, 1, 3)
(62, 'Confusion', 16, 0, 20, 78, 2, 2, 2, 0, 0, 0, 0, 0, 0, 0, 0, 75, 7500, 1, 0)
(63, 'Mass-Chill-Wind', 23, 0, 0, 90, 2, 2, 3, 8, 6, 3, 8, 6, 10, 0, 0, 93, 9800, 1, 4)
(64, 'Earthworm-Strike', 25, 0, 0, 80, 2, 2, 7, 6, 17, 7, 6, 17, 0, 0, 0, 97, 12000, 1, 1)
(65, 'Absolute-Magic-Protect.', 11, 0, 60, 90, 1, 1, 5, 0, 0, 0, 0, 0, 0, 0, 0, 112, 13500, 2, 0)
(66, 'Armor-Break', 28, 0, 0, 90, 1, 1, 7, 6, 17, 7, 6, 17, 15, 0, 0, 97, 20000, 1, 1)
(67, 'Scan', 33, 0, 0, 50, 1, 1, 0, 0, 0, 0, 0, 0, 0, 0, 0, 70, 7500, 1, 1)
(70, 'Bloody-Shock-Wave', 19, 0, 0, 120, 2, 2, 5, 8, 20, 5, 4, 9, 0, 0, 0, 105, -1, 1, 2)
(71, 'Mass-Confusion', 16, 0, 60, 125, 2, 2, 2, 0, 0, 0, 0, 0, 0, 0, 0, 130, 15000, 1, 0)
(72, 'Mass-Ice-Strike', 23, 0, 0, 120, 2, 2, 7, 8, 25, 0, 0, 0, 7, 0, 0, 133, 21000, 1, 4)
(73, 'Cloud-Kill', 14, 0, 30, 130, 1, 1, 0, 40, 0, 0, 0, 0, 10, 2, 2, 120, 20000, 1, 1)
(74, 'Lightning-Strike', 21, 0, 0, 90, 2, 2, 0, 0, 0, 7, 7, 20, 0, 0, 0, 123, 35000, 1, 2)
(76, 'Cancellation', 29, 0, 30, 120, 1, 1, 1, 0, 0, 0, 0, 0, 0, 0, 0, 135, -200, 1, 0)
(77, 'Illusion-Movement', 21, 0, 0, 130, 2, 2, 0, 0, 0, 7, 7, 20, 0, 0, 0, 160, 27000, 1, 2)
(78, 'Haste', 45, 0, 5, 60, 1, 1, 1, 0, 0, 0, 0, 0, 0, 0, 0, 150, -1, 1, 0)
(80, 'Illusion', 16, 0, 20, 143, 2, 2, 3, 0, 0, 0, 0, 0, 0, 0, 0, 150, 27000, 1, 0)
(81, 'Meteor-Strike', 21, 0, 0, 120, 2, 2, 6, 8, 12, 7, 12, 18, 0, 0, 0, 169, 40000, 1, 3)
(82, 'Mass-Magic-Missile', 21, 0, 0, 160, 3, 3, 0, 0, 0, 7, 7, 30, 0, 0, 0, 185, 45000, 1, 2)
(83, 'Inhibition-Casting', 31, 0, 0, 180, 1, 1, 8, 20, 30, 4, 10, 30, 0, 0, 0, 180, -1, 0, 0)
(90, 'Mass-Illusion', 16, 0, 60, 200, 3, 3, 3, 0, 0, 0, 0, 0, 0, 0, 0, 180, 35000, 1, 0)
(91, 'Blizzard', 26, 0, 20, 170, 3, 3, 5, 1, 20, 7, 8, 16, 2, 0, 0, 195, 43000, 1, 4)
(94, 'Resurrection', 32, 600, 0, 200, 2, 2, 3, 0, 0, 7, 7, 20, 0, 0, 0, 0, -1, 1, 2)
(95, 'Mass-Illusion-Movement', 21, 0, 0, 200, 2, 2, 0, 0, 0, 7, 7, 20, 0, 0, 0, 200, 27000, 1, 2)
(96, 'Earth-Shock-Wave', 30, 0, 0, 180, 2, 2, 5, 1, 20, 7, 8, 16, 0, 0, 0, 200, -1, 1, 1)

=== TABLE: maps ===
Columns: ['map_index', 'map_name']
Row count: 78
(0, 'default')
(1, 'inferniaB')
(2, 'inferniaA')
(3, 'maze')
(4, 'druncncity')
(5, 'procella')
(6, 'abaddon')
(7, 'aresden')
(8, 'arefarm')
(9, 'aresdend1')
(10, 'arebrk11')
(11, 'arebrk12')
(12, 'arebrk21')
(13, 'arebrk22')
(14, 'wrhus_1')
(15, 'cityhall_1')
(16, 'arewrhus')
(17, 'resurr1')
(18, 'gshop_1')
(19, 'arejail')
(20, 'cath_1')
(21, 'wzdtwr_1')
(22, 'gshop_1f')
(23, 'wrhus_1f')
(24, 'bsmith_1f')
(25, 'bsmith_1')
(26, 'gldhall_1')
(27, 'CmdHall_1')
(28, 'dglv2')
(29, 'dglv3')
(30, 'dglv4')
(31, 'elvine')
(32, 'elvfarm')
(33, 'elvbrk11')
(34, 'elvbrk12')
(35, 'elvbrk21')
(36, 'elvbrk22')
(37, 'elvined1')
(38, 'elvjail')
(39, 'elvwrhus')
(40, 'gldhall_2')
(41, 'gshop_2')
(42, 'gshop_2f')
(43, 'resurr2')
(44, 'wrhus_2')
(45, 'wrhus_2f')
(46, 'wzdtwr_2')
(47, 'bsmith_2')
(48, 'bsmith_2f')
(49, 'cath_2')
(50, 'cityhall_2')
(51, 'CmdHall_2')
(52, 'BtField')
(53, 'GodH')
(54, 'HRampart')
(55, 'areuni')
(56, 'elvuni')
(57, 'huntzone1')
(58, 'huntzone2')
(59, 'huntzone3')
(60, 'huntzone4')
(61, 'middleland')
(62, '2ndmiddle')
(63, 'middled1n')
(64, 'middled1x')
(65, 'bisle')
(66, 'fightzone1')
(67, 'fightzone2')
(68, 'fightzone3')
(69, 'fightzone4')
(70, 'fightzone5')
(71, 'fightzone6')
(72, 'fightzone7')
(73, 'fightzone8')
(74, 'fightzone9')
(75, 'toh1')
(76, 'toh2')
(77, 'toh3')

=== TABLE: meta ===
Columns: ['key', 'value']
Row count: 1
('schema_version', '3')

=== TABLE: npc_configs ===
Columns: ['npc_id', 'name', 'npc_type', 'hit_dice', 'defense_ratio', 'hit_ratio', 'min_bravery', 'exp_min', 'exp_max', 'gold_min', 'gold_max', 'attack_dice_throw', 'attack_dice_range', 'npc_size', 'side', 'action_limit', 'action_time', 'resist_magic', 'magic_level', 'day_of_week_limit', 'chat_msg_presence', 'target_search_range', 'regen_time', 'attribute', 'abs_damage', 'max_mana', 'magic_hit_ratio', 'attack_range', 'drop_table_id']
Row count: 115
(0, 'Slime', 10, 2, 10, 30, 1, 120, 220, 11, 32, 1, 4, 0, 10, 0, 2100, 5, 0, 10, 0, 2, 5000, 1, 0, 0, 0, 1, 20010)
(1, 'Rabbit', 55, 4, 10, 35, 2, 150, 260, 12, 33, 1, 5, 0, 0, 0, 1500, 5, 0, 10, 0, 2, 5000, 1, 0, 0, 0, 1, 0)
(2, 'Cat', 56, 4, 20, 45, 3, 200, 260, 12, 33, 2, 4, 0, 0, 0, 1500, 20, 0, 10, 0, 5, 5000, 1, 0, 0, 0, 1, 0)
(3, 'Giant-Ant', 16, 3, 15, 40, 2, 300, 350, 13, 34, 2, 3, 0, 10, 0, 1200, 10, 0, 10, 0, 2, 5000, 1, 0, 0, 0, 1, 20016)
(4, 'Amphis', 22, 4, 30, 50, 1, 300, 400, 13, 35, 2, 4, 0, 10, 0, 1000, 20, 0, 10, 0, 3, 5000, 1, 0, 0, 0, 1, 20022)
(5, 'Orc', 14, 4, 35, 70, 2, 560, 700, 16, 39, 3, 3, 0, 10, 0, 1200, 25, 0, 10, 0, 5, 5000, 1, 0, 0, 0, 1, 20014)
(6, 'Dummy', 34, 10, 15, 300, 100, 500, 1000, 17, 41, 0, 0, 1, 10, 3, 2100, 5, 0, 10, 0, 7, 3000, 2, 0, 0, 0, 1, 0)
(7, 'Attack-Dummy', 34, 10, 15, 300, 100, 750, 1500, 21, 46, 0, 0, 1, 10, 0, 2100, 5, 0, 10, 0, 7, 3000, 2, 0, 0, 0, 1, 0)
(8, 'Zombie', 18, 10, 40, 90, 100, 1200, 1500, 23, 50, 4, 4, 0, 10, 0, 1500, 30, 0, 10, 0, 6, 5000, 1, 0, 0, 0, 1, 20018)
(9, 'Scorpion', 17, 6, 35, 80, 3, 1300, 1600, 24, 51, 5, 3, 0, 10, 0, 1200, 30, 0, 10, 0, 4, 5000, 1, 0, 0, 0, 1, 20017)
(10, 'Skeleton', 11, 8, 40, 100, 100, 1500, 1600, 25, 53, 5, 4, 0, 10, 0, 800, 40, 0, 10, 0, 5, 5000, 1, 0, 0, 0, 2, 20011)
(11, 'Orc-Mage', 14, 12, 35, 100, 3, 1200, 1260, 22, 48, 4, 3, 0, 10, 0, 1500, 45, 3, 10, 0, 6, 5000, 1, 0, 150, 10, 1, 0)
(12, 'Clay-Golem', 23, 30, 100, 150, 100, 3900, 5000, 54, 96, 7, 4, 1, 10, 0, 1200, 50, 0, 10, 0, 5, 10000, 1, 0, 0, 0, 1, 20023)
(13, 'Stone-Golem', 12, 25, 110, 150, 100, 2500, 5000, 47, 86, 7, 4, 1, 10, 0, 1200, 50, 0, 10, 0, 5, 10000, 1, 0, 0, 0, 1, 20012)
(14, 'Hellbound', 27, 35, 90, 170, 4, 5000, 5500, 62, 108, 7, 5, 0, 10, 0, 900, 60, 5, 10, 0, 7, 10000, 3, 0, 250, 20, 1, 20027)
(15, 'Giant-Frog', 57, 35, 90, 170, 4, 4516, 6555, 65, 113, 7, 5, 0, 10, 0, 900, 60, 0, 10, 0, 7, 10000, 1, 0, 0, 20, 2, 0)
(16, 'Rudolph', 61, 40, 100, 180, 10, 4526, 4912, 57, 100, 7, 5, 0, 10, 0, 1000, 60, 5, 10, 0, 5, 10000, 3, 0, 0, 0, 1, 0)
(17, 'Troll', 28, 55, 85, 200, 100, 3220, 3500, 43, 80, 8, 5, 1, 10, 0, 700, 60, 0, 10, 0, 7, 10000, 1, 0, 0, 0, 1, 20028)
(18, 'Cyclops', 13, 60, 100, 180, 805, 6511, 8710, 86, 144, 8, 6, 1, 10, 0, 1200, 65, 5, 10, 0, 7, 10000, 3, 0, 450, 50, 3, 20013)
(19, 'Ice-Golem', 65, 60, 100, 180, 100, 6244, 7560, 79, 133, 8, 6, 1, 10, 0, 1200, 65, 11, 10, 0, 7, 10000, 4, 30, 0, 200, 1, 0)
(20, 'Beholder', 53, 100, 100, 450, 100, 9050, 9800, 104, 171, 8, 8, 1, 10, 0, 800, 70, 0, 10, 0, 7, 10000, 2, 30, 0, 200, 4, 0)
(21, 'Cannibal-Plant', 60, 105, 80, 230, 100, 6522, 7543, 80, 135, 8, 8, 1, 10, 0, 800, 70, 5, 10, 0, 7, 10000, 1, 0, 550, 65, 2, 0)
(22, 'Orge', 29, 115, 150, 230, 100, 7212, 8312, 87, 146, 8, 7, 1, 10, 0, 700, 70, 0, 10, 0, 7, 10000, 2, 0, 0, 0, 3, 20029)
(23, 'Mountain-Giant', 58, 100, 250, 230, 100, 19872, 19883, 208, 328, 8, 7, 1, 10, 0, 700, 75, 0, 10, 0, 7, 10000, 1, 20, 0, 0, 2, 0)
(24, 'DireBoar', 62, 130, 80, 230, 100, 6441, 7212, 78, 132, 8, 8, 0, 10, 0, 800, 70, 0, 10, 0, 7, 10000, 1, 0, 0, 0, 1, 0)
(25, 'Tentocle', 80, 80, 150, 180, 100, 6005, 6200, 71, 121, 7, 6, 2, 10, 0, 400, 65, 6, 10, 0, 5, 10000, 1, 0, 500, 80, 3, 0)
(26, 'Giant-Crayfish', 74, 70, 150, 200, 100, 9655, 10651, 111, 182, 7, 7, 1, 10, 0, 400, 60, 0, 10, 0, 5, 10000, 4, 0, 0, 0, 2, 0)
(27, 'Giant-Plant', 76, 100, 120, 200, 100, 8321, 9321, 98, 162, 8, 6, 1, 10, 0, 700, 70, 0, 10, 0, 5, 10000, 1, 0, 0, 0, 2, 0)
(28, 'Liche', 30, 130, 300, 230, 100, 8982, 9543, 102, 168, 8, 6, 1, 10, 0, 700, 75, 6, 10, 0, 7, 10000, 4, 10, 1000, 80, 5, 20030)
(29, 'Stalker', 48, 130, 200, 300, 100, 25321, 25902, 266, 414, 8, 9, 1, 10, 0, 600, 80, 0, 10, 0, 7, 10000, 1, 20, 0, 0, 4, 0)
(30, 'WereWolf', 33, 140, 180, 300, 100, 15221, 19326, 182, 289, 8, 8, 1, 10, 0, 700, 80, 0, 10, 0, 7, 10000, 1, 20, 0, 0, 1, 20033)
(31, 'Dark-Elf', 54, 140, 200, 450, 100, 4521, 4834, 56, 100, 8, 4, 1, 10, 0, 700, 60, 0, 10, 0, 8, 10000, 1, 50, 0, 0, 8, 0)
(32, 'Frost', 63, 130, 300, 230, 100, 4211, 6542, 63, 110, 8, 6, 1, 10, 0, 700, 75, 10, 10, 0, 7, 10000, 4, 10, 700, 80, 3, 0)
(33, 'Claw-Turtle', 72, 120, 200, 280, 100, 56212, 56899, 575, 878, 8, 9, 1, 10, 0, 500, 80, 0, 10, 0, 5, 10000, 4, 0, 0, 0, 2, 0)
(34, 'Barlog', 70, 500, 400, 500, 100, 26541, 27981, 282, 438, 9, 10, 1, 10, 0, 500, 90, 7, 10, 0, 5, 10000, 3, 10, 2000, 80, 3, 0)
(35, 'Ettin', 59, 180, 350, 350, 100, 35561, 39564, 385, 593, 8, 9, 1, 10, 0, 700, 90, 0, 10, 0, 7, 10000, 2, 65, 0, 0, 3, 0)
(36, 'Demon', 31, 340, 450, 500, 100, 122000, 161200, 1426, 2154, 10, 10, 1, 10, 0, 700, 100, 7, 10, 0, 7, 60000, 3, 75, 2000, 250, 4, 20031)
(37, 'Unicorn', 32, 340, 450, 500, 100, 25611, 25666, 266, 414, 10, 10, 1, 0, 0, 700, 100, 8, 10, 0, 7, 60000, 2, 75, 2000, 250, 4, 20032)
(38, 'Gagoyle', 52, 400, 450, 500, 100, 162130, 166540, 1653, 2495, 13, 10, 1, 10, 0, 700, 70, 7, 10, 0, 7, 60000, 3, 80, 2000, 250, 5, 0)
(39, 'Centaurus', 71, 350, 450, 500, 100, 452321, 351321, 4028, 6057, 12, 11, 1, 10, 0, 500, 100, 8, 10, 0, 5, 10000, 1, 0, 2000, 80, 3, 0)
(40, 'Giant-Lizard', 75, 450, 400, 400, 100, 56894, 65411, 621, 947, 10, 10, 1, 10, 0, 600, 90, 8, 10, 0, 5, 10000, 4, 0, 700, 80, 2, 0)
(41, 'MasterMage-Orc', 77, 250, 300, 300, 100, 56431, 65412, 619, 943, 8, 7, 1, 10, 0, 500, 100, 7, 10, 0, 5, 10000, 3, 0, 1500, 80, 3, 0)
(42, 'Minotaurs', 78, 340, 500, 500, 100, 60212, 65421, 638, 972, 13, 11, 1, 10, 0, 500, 60, 0, 10, 0, 5, 10000, 1, 0, 0, 0, 2, 0)
(43, 'Nizie', 79, 280, 300, 300, 100, 65132, 65421, 662, 1009, 10, 10, 1, 10, 0, 500, 90, 10, 10, 0, 5, 10000, 4, 0, 2000, 80, 3, 0)
(44, 'Hellclaw', 49, 1000, 450, 1000, 100, 190050, 198121, 1950, 2941, 15, 14, 1, 10, 0, 600, 100, 7, 10, 0, 7, 60000, 3, 50, 0, 0, 5, 0)
(45, 'Tigerworm', 50, 2000, 550, 1200, 100, 152121, 192132, 1731, 2611, 18, 17, 1, 10, 0, 600, 100, 9, 10, 0, 7, 60000, 3, 70, 16000, 250, 6, 0)
(46, 'Wyvern', 66, 2500, 1000, 1300, 100, 198945, 199995, 2004, 3022, 20, 18, 1, 10, 0, 600, 100, 12, 10, 0, 8, 60000, 4, 80, 16000, 250, 7, 0)
(47, 'Fire-Wyvern', 73, 3000, 1000, 1300, 100, 251210, 263211, 2582, 3888, -10, 18, 1, 10, 0, 600, 100, 7, 10, 0, 8, 60000, 3, 80, 16000, 250, 7, 0)
(48, 'Abaddon', 81, 15000, 1500, 1600, 100, 8494654, 9845165, 91709, 137578, 20, 20, 1, 10, 0, 500, 100, 13, 10, 0, 8, 60000, 2, 90, 20000, 300, 7, 0)
(49, 'Crops', 64, 2000, 10, 10, 30, 0, 0, 0, 0, 0, 0, 0, 10, 5, 60000, 5, 0, 10, 0, 7, 3000, 2, 50, 0, 200, 1, 0)
(50, 'Energy-Sphere', 35, 10, 10, 10, 100, 0, 0, 0, 0, 0, 0, 1, 10, 4, 60000, 5, 0, 10, 0, 7, 3000, 2, 0, 0, 0, 1, 0)
(51, 'gate-a', 91, 2000, 800, 100, 100, 0, 0, 0, 0, 0, 0, 1, 1, 8, 1600, 100, 0, 10, 0, 1, 3000, 2, 0, 0, 0, 1, 0)
(52, 'gate-e', 91, 2000, 800, 100, 100, 0, 0, 0, 0, 0, 0, 1, 2, 8, 1600, 100, 0, 10, 0, 1, 3000, 2, 0, 0, 0, 1, 0)
(53, 'McGaffin', 67, 3000, 1000, 2000, 5, 0, 0, 0, 0, 1, 1, 0, 0, 6, 15000, 0, 0, 10, 1, 0, 10000, 0, 0, 0, 0, 4, 0)
(54, 'Perry', 68, 3000, 1000, 2000, 5, 0, 0, 0, 0, 1, 1, 0, 0, 6, 5000, 0, 0, 10, 1, 0, 10000, 0, 0, 0, 0, 4, 0)
(55, 'Devlin', 69, 3000, 1000, 2000, 5, 0, 0, 0, 0, 1, 1, 0, 0, 6, 30000, 0, 0, 10, 1, 0, 10000, 0, 0, 0, 0, 4, 0)
(56, 'ShopKeeper-W', 15, 10, 10, 20, 5, 0, 0, 0, 0, 1, 1, 0, 0, 2, 15000, 0, 0, 10, 1, 0, 10000, 0, 0, 0, 0, 1, 0)
(57, 'Gandlf', 19, 10, 10, 20, 5, 0, 0, 0, 0, 1, 1, 0, 0, 2, 5000, 0, 0, 10, 1, 0, 10000, 0, 0, 0, 0, 1, 0)
(58, 'Howard', 20, 10, 10, 20, 5, 0, 0, 0, 0, 1, 1, 0, 0, 2, 30000, 0, 0, 10, 1, 0, 10000, 0, 0, 0, 0, 1, 0)
(59, 'Guard-Aresden', 21, 115, 150, 230, 3, 0, 0, 0, 0, 3, 8, 0, 1, 0, 1000, 100, -10, 10, 1, 8, 10000, 2, 0, 1000, 130, 5, 0)
(60, 'Guard-Elvine', 21, 115, 150, 230, 3, 0, 0, 0, 0, 3, 8, 0, 2, 0, 1000, 100, -10, 10, 1, 8, 10000, 2, 0, 1000, 130, 5, 0)
(61, 'Guard-Neutral', 21, 115, 150, 230, 3, 0, 0, 0, 0, 3, 8, 0, 0, 0, 1000, 100, -10, 10, 1, 8, 10000, 2, 0, 1000, 130, 5, 0)
(62, 'Tom', 24, 10, 10, 20, 1, 0, 0, 0, 0, 1, 1, 0, 0, 2, 5000, 0, 0, 10, 1, 0, 10000, 0, 0, 0, 0, 1, 0)
(63, 'William', 25, 10, 10, 20, 1, 0, 0, 0, 0, 1, 1, 0, 0, 2, 5000, 0, 0, 10, 1, 0, 10000, 0, 0, 0, 0, 1, 0)
(64, 'Kennedy', 26, 10, 10, 20, 1, 0, 0, 0, 0, 1, 1, 0, 0, 2, 5000, 0, 0, 10, 1, 0, 10000, 0, 0, 0, 0, 1, 0)
(65, 'Gail', 90, 10, 10, 20, 1, 0, 0, 0, 0, 1, 1, 0, 0, 2, 5000, 0, 0, 10, 1, 0, 10000, 0, 0, 0, 0, 1, 0)
(66, 'AGT-Aresden', 36, 500, 50, 500, 80, 2222, 2223, 500, 1500, 5, 8, 1, 1, 5, 600, 30, 0, 10, 0, 8, 3000, 2, 0, 0, 0, 8, 0)
(67, 'AGT-Elvine', 36, 500, 50, 500, 80, 2222, 2223, 500, 1500, 5, 8, 1, 2, 5, 600, 30, 0, 10, 0, 8, 3000, 2, 0, 0, 0, 8, 0)
(68, 'CGT-Aresden', 37, 500, 50, 500, 90, 2222, 2223, 750, 1250, 10, 14, 1, 1, 5, 1800, 30, 0, 10, 0, 8, 3000, 2, 0, 0, 0, 8, 0)
(69, 'CGT-Elvine', 37, 500, 50, 500, 90, 2222, 2223, 750, 1250, 10, 14, 1, 2, 5, 1800, 30, 0, 10, 0, 8, 3000, 2, 0, 0, 0, 8, 0)
(70, 'MS-Aresden', 38, 500, 50, 500, 40, 2222, 2223, 250, 1000, 0, 0, 1, 1, 5, 800, 30, 0, 10, 0, 8, 3000, 2, 0, 0, 0, 8, 0)
(71, 'MS-Elvine', 38, 500, 50, 500, 40, 2222, 2223, 250, 1000, 0, 0, 1, 2, 5, 800, 30, 0, 10, 0, 8, 3000, 2, 0, 0, 0, 8, 0)
(72, 'DT-Aresden', 39, 500, 50, 500, 50, 2222, 2226, 200, 800, 0, 0, 1, 1, 5, 800, 30, 0, 10, 0, 8, 3000, 2, 0, 0, 0, 8, 0)
(73, 'DT-Elvine', 39, 500, 50, 500, 50, 2222, 2222, 200, 800, 0, 0, 1, 2, 5, 800, 30, 0, 10, 0, 8, 3000, 2, 0, 0, 0, 8, 0)
(74, 'ESG-Aresden', 40, 500, 50, 500, 60, 2222, 2222, 500, 1000, 0, 0, 1, 1, 5, 800, 30, 0, 10, 0, 8, 3000, 2, 0, 0, 0, 8, 0)
(75, 'ESG-Elvine', 40, 500, 50, 500, 60, 2222, 2222, 500, 1000, 0, 0, 1, 2, 5, 800, 30, 0, 10, 0, 8, 3000, 2, 0, 0, 0, 8, 0)
(76, 'GMG-Aresden', 41, 50000, 5000, 500, 500, 2222, 2222, 500, 3000, 0, 0, 1, 1, 5, 800, 30, 0, 10, 0, 8, 3000, 2, 0, 1, 0, 8, 0)
(77, 'GMG-Elvine', 41, 50000, 5000, 500, 500, 2222, 2222, 500, 3000, 0, 0, 1, 2, 5, 800, 30, 0, 10, 0, 8, 3000, 2, 0, 1, 0, 8, 0)
(78, 'ManaStone', 42, 50000, 5000, 500, 500, 2222, 2222, 0, 0, 0, 0, 1, 0, 5, 500, 30, 0, 10, 0, 8, 3000, 2, 0, 0, 0, 8, 0)
(79, 'LWB-Aresden', 43, 250, 450, 500, 20, 2222, 2222, 200, 1000, 10, 5, 1, 1, 0, 700, 100, 7, 10, 0, 7, 60000, 3, 50, 0, 0, 8, 0)
(80, 'LWB-Elvine', 43, 250, 450, 500, 20, 2222, 2222, 200, 1000, 10, 5, 1, 2, 0, 700, 100, 7, 10, 0, 7, 60000, 3, 50, 0, 0, 8, 0)
(81, 'GHK', 44, 350, 450, 500, 20, 2222, 2322, 300, 1500, 10, 9, 1, 2, 0, 700, 100, 7, 10, 0, 7, 60000, 3, 50, 0, 0, 4, 0)
(82, 'GHKABS', 45, 800, 450, 1000, 100, 2222, 2222, 500, 2000, 13, 12, 1, 2, 0, 600, 100, 7, 10, 0, 7, 60000, 3, 50, 0, 0, 5, 0)
(83, 'TK', 46, 350, 450, 500, 20, 2222, 2222, 300, 1500, 10, 9, 1, 1, 0, 700, 100, 7, 10, 0, 7, 60000, 3, 50, 0, 0, 4, 0)
(84, 'BG', 47, 800, 450, 1000, 100, 2222, 2222, 500, 2000, 13, 12, 1, 1, 0, 600, 100, 7, 10, 0, 7, 60000, 3, 50, 0, 0, 5, 0)
(85, 'XB-Aresden', 1, 85, 150, 200, 4, 2222, 2222, 100, 300, 8, 5, 1, 1, 0, 600, 70, 0, 10, 0, 7, 10000, 2, 0, 0, 0, 3, 0)
(86, 'XB-Elvine', 1, 85, 150, 200, 4, 2222, 2222, 100, 300, 8, 5, 1, 2, 0, 600, 70, 0, 10, 0, 7, 10000, 2, 0, 0, 0, 3, 0)
(87, 'XW-Aresden', 2, 85, 150, 200, 4, 2222, 2222, 100, 300, 8, 5, 1, 1, 0, 600, 70, 0, 10, 0, 7, 10000, 2, 0, 0, 0, 3, 0)
(88, 'XW-Elvine', 2, 85, 150, 200, 4, 2222, 2222, 100, 300, 8, 5, 1, 2, 0, 600, 70, 0, 10, 0, 7, 10000, 2, 0, 0, 0, 3, 0)
(89, 'XY-Aresden', 3, 85, 150, 200, 4, 2222, 2222, 100, 300, 8, 5, 1, 1, 0, 600, 70, 0, 10, 0, 7, 10000, 2, 0, 0, 0, 3, 0)
(90, 'XY-Elvine', 3, 85, 150, 200, 4, 2222, 2222, 100, 300, 8, 5, 1, 2, 0, 600, 70, 0, 10, 0, 7, 10000, 2, 0, 0, 0, 3, 0)
(91, 'YB-Aresden', 4, 85, 150, 200, 4, 2222, 2222, 100, 300, 8, 5, 1, 1, 0, 600, 70, 0, 10, 0, 7, 10000, 2, 0, 0, 0, 3, 0)
(92, 'YB-Elvine', 4, 85, 150, 200, 4, 2222, 2222, 100, 300, 8, 5, 1, 2, 0, 600, 70, 0, 10, 0, 7, 10000, 2, 0, 0, 0, 3, 0)
(93, 'YW-Aresden', 5, 85, 150, 200, 4, 2222, 2222, 100, 300, 8, 5, 1, 1, 0, 600, 70, 0, 10, 0, 7, 10000, 2, 0, 0, 0, 3, 0)
(94, 'YW-Elvine', 5, 85, 150, 200, 4, 2222, 2222, 100, 300, 8, 5, 1, 2, 0, 600, 70, 0, 10, 0, 7, 10000, 2, 0, 0, 0, 3, 0)
(95, 'YY-Aresden', 6, 85, 150, 200, 4, 2222, 2222, 100, 300, 8, 5, 1, 1, 0, 600, 70, 0, 10, 0, 7, 10000, 2, 0, 0, 0, 3, 0)
(96, 'YY-Elvine', 6, 85, 150, 200, 4, 2222, 2222, 100, 300, 8, 5, 1, 2, 0, 600, 70, 0, 10, 0, 7, 10000, 2, 0, 0, 0, 3, 0)
(97, 'CP-Aresden', 51, 500, 50, 500, 100, 2222, 2222, 500, 1000, 10, 14, 1, 1, 0, 1600, 100, 0, 10, 0, 9, 10000, 1, 0, 0, 0, 9, 0)
(98, 'CP-Elvine', 51, 500, 50, 500, 100, 2222, 2222, 500, 1000, 10, 14, 1, 2, 0, 1600, 50, 0, 10, 0, 9, 10000, 1, 0, 0, 0, 9, 0)
(99, 'Sor-Aresden', 82, 300, 450, 1000, 100, 2222, 2222, 750, 1250, 11, 10, 1, 1, 0, 700, 100, 7, 10, 0, 7, 60000, 3, 50, 19000, 9, 6, 0)
(100, 'Sor-Elvine', 82, 300, 450, 1000, 100, 2222, 2222, 750, 1250, 11, 10, 1, 2, 0, 700, 100, 7, 10, 0, 7, 60000, 3, 50, 19000, 9, 6, 0)
(101, 'ATK-Aresden', 83, 800, 500, 1000, 100, 2222, 2222, 1000, 1500, 13, 12, 1, 1, 0, 1000, 100, 0, 10, 0, 7, 60000, 3, 50, 0, 0, 3, 0)
(102, 'ATK-Evline', 83, 800, 500, 1000, 100, 2222, 2222, 1000, 1500, 13, 12, 1, 2, 0, 1000, 100, 0, 10, 0, 7, 60000, 3, 50, 0, 0, 3, 0)
(103, 'Elf-Aresden', 84, 250, 450, 500, 100, 2222, 2222, 500, 1000, 10, 6, 1, 1, 0, 700, 100, 0, 10, 0, 8, 60000, 3, 50, 0, 0, 8, 0)
(104, 'Elf-Elvine', 84, 250, 450, 500, 100, 2222, 2222, 500, 1000, 10, 6, 1, 2, 0, 700, 100, 0, 10, 0, 8, 60000, 3, 50, 0, 0, 8, 0)
(105, 'DSK-Aresden', 85, 500, 400, 600, 100, 2222, 2222, 700, 1250, 10, 9, 1, 1, 0, 500, 100, 0, 10, 0, 6, 60000, 3, 50, 0, 0, 4, 0)
(106, 'DSK-Elvine', 85, 500, 400, 600, 100, 2222, 2222, 700, 1250, 10, 9, 1, 2, 0, 500, 100, 0, 10, 0, 6, 60000, 3, 50, 0, 0, 4, 0)
(107, 'HBT-Aresden', 86, 500, 150, 500, 100, 2222, 2222, 550, 1100, 10, 14, 1, 1, 0, 1600, 100, 0, 10, 0, 9, 60000, 3, 50, 0, 0, 9, 0)
(108, 'HBT-Elvine', 86, 500, 150, 500, 100, 2222, 2222, 550, 1100, 10, 14, 1, 2, 0, 1600, 100, 0, 10, 0, 9, 60000, 3, 50, 0, 0, 9, 0)
(109, 'CT-Aresden', 87, 800, 200, 500, 100, 2222, 2222, 550, 1200, 8, 8, 1, 1, 5, 700, 30, 0, 10, 0, 8, 3000, 2, 0, 0, 0, 9, 0)
(110, 'CT-Elvine', 87, 800, 200, 500, 100, 2222, 2222, 550, 1200, 8, 8, 1, 2, 5, 700, 30, 0, 10, 0, 8, 3000, 2, 0, 0, 0, 9, 0)
(111, 'Bar-Aresden', 88, 350, 500, 1000, 100, 2222, 2222, 800, 1700, 15, 12, 1, 1, 0, 1400, 100, 0, 10, 0, 7, 60000, 3, 50, 0, 0, 2, 0)
(112, 'Bar-Elvine', 88, 350, 500, 1000, 100, 2222, 2222, 800, 1700, 15, 12, 1, 2, 0, 1400, 100, 0, 10, 0, 7, 60000, 3, 50, 0, 0, 2, 0)
(113, 'AGC-Aresden', 89, 1000, 200, 500, 100, 2222, 2222, 550, 1100, 14, 10, 1, 1, 5, 1600, 30, 0, 10, 0, 8, 3000, 2, 0, 0, 0, 9, 0)
(114, 'AGC-Elvine', 89, 1000, 200, 500, 100, 2222, 2222, 550, 1100, 14, 10, 1, 2, 5, 1600, 30, 0, 10, 0, 8, 3000, 2, 0, 0, 0, 9, 0)

=== TABLE: potion_configs ===
Columns: ['potion_id', 'name', 'array0', 'array1', 'array2', 'array3', 'array4', 'array5', 'array6', 'array7', 'array8', 'array9', 'array10', 'array11', 'skill_limit', 'difficulty']
Row count: 19
(1, 'RedPotion', 220, 1, 192, 1, 191, 1, -1, 0, -1, 0, -1, 0, 20, 10)
(2, 'BluePotion', 220, 1, 193, 1, 189, 1, -1, 0, -1, 0, -1, 0, 20, 10)
(3, 'GreenPotion', 220, 1, 215, 1, 188, 1, -1, 0, -1, 0, -1, 0, 20, 10)
(4, 'DilutionPotion', 220, 1, 217, 1, 208, 1, 190, 2, -1, 0, -1, 0, 30, 20)
(5, 'BigRedPotion', 223, 1, 220, 3, 192, 1, 191, 1, -1, 0, -1, 0, 40, 20)
(6, 'BigBluePotion', 220, 3, 197, 1, 193, 1, 189, 1, -1, 0, -1, 0, 40, 20)
(7, 'BigGreenPotion', 220, 2, 215, 1, 189, 1, 188, 1, 188, 1, -1, 0, 40, 20)
(8, 'InvisibilityPotion', 220, 1, 219, 1, 208, 1, 206, 1, -1, 0, -1, 0, 50, 30)
(9, 'HairColorPotion', 220, 1, 216, 1, 205, 1, 188, 1, -1, 0, -1, 0, 60, 40)
(10, 'HairStylePotion', 221, 1, 220, 1, 204, 1, 188, 1, -1, 0, -1, 0, 70, 40)
(11, 'SkinColorPotion', 220, 1, 205, 1, 201, 1, 190, 1, -1, 0, -1, 0, 90, 60)
(12, 'SexChangePotion', 225, 1, 220, 1, 219, 1, 210, 1, 205, 1, 194, 1, 95, 70)
(13, 'OgrePotion', 222, 1, 214, 1, 212, 1, 211, 1, 210, 1, 209, 1, 100, 80)
(14, 'PowerGreenPotion', 554, 1, 222, 1, 220, 1, 199, 1, 196, 1, -1, 0, 95, 80)
(15, 'UnderWearPotion', 575, 1, 220, 1, 218, 1, 217, 1, 215, 1, 203, 1, 60, 50)
(16, 'UnfreezePotion', 548, 1, 220, 1, 217, 1, 207, 1, 198, 1, -1, 0, 90, 60)
(17, 'SuperRedPotion', 823, 1, 222, 1, 220, 1, 193, 1, -1, 0, -1, 0, 75, 50)
(18, 'SuperBluePotion', 820, 1, 220, 1, 206, 1, 196, 1, -1, 0, -1, 0, 75, 50)
(19, 'SuperGreenPotion', 821, 1, 220, 1, 199, 1, 192, 1, -1, 0, -1, 0, 70, 40)

=== TABLE: program_config ===
Columns: ['key', 'value']
Row count: 10
('game-server-name', 'Apocalypse')
('game-server-port', '9907')
('log-server-address', '127.0.0.1')
('internal-log-server-port', '2500')
('gate-server-address', '127.0.0.1')
('gate-server-port', '6502')
('game-server-internal-address', '127.0.0.1')
('game-server-external-address', '199.187.160.239')
('game-server-address', '0.0.0.0')
('game-server-mode', 'INTERNET')

=== TABLE: quest_configs ===
Columns: ['quest_index', 'side', 'quest_type', 'target_type', 'max_count', 'quest_from', 'min_level', 'max_level', 'required_skill_num', 'required_skill_level', 'time_limit', 'assign_type', 'reward_type1', 'reward_amount1', 'reward_type2', 'reward_amount2', 'reward_type3', 'reward_amount3', 'contribution', 'contribution_limit', 'response_mode', 'target_name', 'target_x', 'target_y', 'target_range', 'quest_id', 'req_contribution']
Row count: 84
(1, 1, 1, 56, 20, 4, 11, 20, -1, -1, -1, -1, -1, 100, 90, 200, 90, 100, 2, 20, 1, 'arefarm', 0, 0, 0, 354, 0)
(2, 2, 1, 56, 20, 4, 11, 20, -1, -1, -1, -1, -1, 100, 90, 200, 90, 100, 2, 20, 1, 'elvfarm', 0, 0, 0, 354, 0)
(3, 1, 1, 10, 30, 4, 11, 20, -1, -1, -1, -1, -1, 100, 90, 200, 90, 100, 2, 20, 1, 'arefarm', 0, 0, 0, 354, 0)
(4, 2, 1, 10, 30, 4, 11, 20, -1, -1, -1, -1, -1, 100, 90, 200, 90, 100, 2, 20, 1, 'elvfarm', 0, 0, 0, 354, 0)
(5, 1, 1, 16, 15, 4, 11, 20, -1, -1, -1, -1, -1, 100, 90, 200, 90, 100, 2, 20, 1, 'arefarm', 0, 0, 0, 354, 0)
(6, 2, 1, 16, 15, 4, 11, 20, -1, -1, -1, -1, -1, 100, 90, 200, 90, 100, 2, 20, 1, 'elvfarm', 0, 0, 0, 354, 0)
(7, 1, 1, 17, 25, 4, 20, 40, -1, -1, -1, -1, -1, 500, 90, 500, 90, 400, 3, 40, 1, 'arefarm', 0, 0, 0, 354, 0)
(8, 2, 1, 17, 25, 4, 20, 40, -1, -1, -1, -1, -1, 500, 90, 500, 90, 400, 3, 40, 1, 'elvfarm', 0, 0, 0, 354, 0)
(9, 1, 1, 22, 30, 4, 20, 40, -1, -1, -1, -1, -1, 500, 90, 500, 90, 400, 3, 40, 1, 'arefarm', 0, 0, 0, 354, 0)
(10, 2, 1, 22, 30, 4, 20, 40, -1, -1, -1, -1, -1, 500, 90, 500, 90, 400, 3, 40, 1, 'elvfarm', 0, 0, 0, 354, 0)
(11, 1, 1, 14, 30, 4, 20, 40, -1, -1, -1, -1, -1, 500, 90, 500, 90, 400, 3, 40, 1, 'arefarm', 0, 0, 0, 354, 0)
(12, 2, 1, 14, 30, 4, 20, 40, -1, -1, -1, -1, -1, 500, 90, 500, 90, 400, 3, 40, 1, 'elvfarm', 0, 0, 0, 354, 0)
(13, 1, 1, 14, 35, 4, 40, 50, -1, -1, -1, -1, -1, 1000, 90, 1000, 90, 800, 4, 80, 1, 'aresden', 0, 0, 0, 354, 0)
(14, 2, 1, 14, 35, 4, 40, 50, -1, -1, -1, -1, -1, 1000, 90, 1000, 90, 800, 4, 80, 1, 'elvine', 0, 0, 0, 354, 0)
(15, 1, 1, 17, 30, 4, 40, 50, -1, -1, -1, -1, -1, 1000, 90, 1000, 90, 800, 4, 80, 1, 'aresden', 0, 0, 0, 354, 0)
(16, 2, 1, 17, 30, 4, 40, 50, -1, -1, -1, -1, -1, 1000, 90, 1000, 90, 800, 4, 80, 1, 'elvine', 0, 0, 0, 354, 0)
(17, 1, 1, 11, 25, 4, 40, 50, -1, -1, -1, -1, -1, 1000, 90, 1000, 90, 800, 4, 80, 1, 'huntzone2', 0, 0, 0, 354, 0)
(18, 2, 1, 11, 25, 4, 40, 50, -1, -1, -1, -1, -1, 1000, 90, 1000, 90, 800, 4, 80, 1, 'huntzone1', 0, 0, 0, 354, 0)
(19, 1, 1, 11, 30, 4, 50, 70, -1, -1, -1, -1, -1, 2000, 90, 3000, 90, 2500, 5, 120, 1, 'middled1n', 0, 0, 0, 354, 0)
(20, 2, 1, 11, 30, 4, 50, 70, -1, -1, -1, -1, -1, 2000, 90, 3000, 90, 2500, 5, 121, 1, 'middled1n', 0, 0, 0, 354, 0)
(21, 1, 1, 12, 20, 4, 50, 70, -1, -1, -1, -1, -1, 2000, 90, 3000, 90, 2500, 5, 122, 1, 'huntzone2', 0, 0, 0, 354, 0)
(22, 2, 1, 12, 20, 4, 50, 70, -1, -1, -1, -1, -1, 2000, 90, 3000, 90, 2500, 5, 123, 1, 'huntzone1', 0, 0, 0, 354, 0)
(23, 1, 1, 61, 25, 4, 70, 80, -1, -1, -1, -1, -1, 3000, 90, 4000, 90, 3000, 6, 124, 1, 'huntzone2', 0, 0, 0, 354, 0)
(24, 2, 1, 61, 25, 4, 70, 80, -1, -1, -1, -1, -1, 3000, 90, 4000, 90, 3000, 6, 125, 1, 'huntzone1', 0, 0, 0, 354, 0)
(25, 1, 1, 28, 15, 4, 80, 90, -1, -1, -1, -1, -1, 4000, 90, 5000, 90, 4000, 7, 160, 1, 'areuni', 0, 0, 0, 354, 0)
(26, 2, 1, 28, 15, 4, 80, 90, -1, -1, -1, -1, -1, 4000, 90, 5000, 90, 4000, 7, 160, 1, 'elvuni', 0, 0, 0, 354, 0)
(27, 1, 1, 23, 30, 4, 80, 90, -1, -1, -1, -1, -1, 4000, 90, 5000, 90, 4000, 7, 160, 1, 'middled1n', 0, 0, 0, 354, 0)
(28, 2, 1, 23, 30, 4, 80, 90, -1, -1, -1, -1, -1, 4000, 90, 5000, 90, 4000, 7, 160, 1, 'middled1n', 0, 0, 0, 354, 0)
(29, 1, 7, 0, 0, 4, 50, 300, -1, -1, -1, -1, -2, 1, -2, 1, -2, 1, 1, 500, 1, 'elvine', 166, 136, 3, 723, 70)
(30, 2, 7, 0, 0, 4, 50, 300, -1, -1, -1, -1, -2, 1, -2, 1, -2, 1, 1, 500, 1, 'aresden', 244, 136, 3, 723, 70)
(31, 1, 7, 0, 0, 4, 50, 300, -1, -1, -1, -1, -2, 1, -2, 1, -2, 1, 1, 500, 1, 'elvine', 200, 193, 3, 723, 80)
(32, 2, 7, 0, 0, 4, 50, 300, -1, -1, -1, -1, -2, 1, -2, 1, -2, 1, 1, 500, 1, 'aresden', 218, 180, 3, 723, 80)
(33, 1, 7, 0, 0, 4, 50, 300, -1, -1, -1, -1, -2, 1, -2, 1, -2, 1, 1, 500, 1, 'elvine', 202, 108, 3, 723, 90)
(34, 2, 7, 0, 0, 4, 50, 300, -1, -1, -1, -1, -2, 1, -2, 1, -2, 1, 1, 500, 1, 'aresden', 179, 97, 3, 723, 90)
(41, 1, 10, 0, 0, 4, 31, 120, -1, -1, -1, 1, 0, 0, 0, 0, 0, 0, 1, 1000, 1, 'huntzone1', -1, -1, 3, 614, 0)
(42, 2, 10, 0, 0, 4, 31, 120, -1, -1, -1, 1, 0, 0, 0, 0, 0, 0, 1, 1000, 1, 'huntzone2', -1, -1, 3, 614, 0)
(43, 1, 1, 57, 20, 4, 90, 100, -1, -1, -1, -1, -1, 5000, 90, 7000, 90, 5500, 7, 210, 1, 'middled1n', 0, 0, 0, 354, 0)
(44, 2, 1, 57, 20, 4, 90, 100, -1, -1, -1, -1, -1, 5000, 90, 7000, 90, 5500, 7, 210, 1, 'middled1n', 0, 0, 0, 354, 0)
(45, 1, 1, 28, 20, 4, 90, 100, -1, -1, -1, -1, -1, 5000, 90, 7000, 90, 5500, 7, 210, 1, 'areuni', 0, 0, 0, 354, 0)
(46, 2, 1, 28, 20, 4, 90, 100, -1, -1, -1, -1, -1, 5000, 90, 7000, 90, 5500, 7, 210, 1, 'elvuni', 0, 0, 0, 354, 0)
(47, 1, 1, 13, 20, 4, 100, 110, -1, -1, -1, -1, -1, 5500, 90, 8000, 90, 6000, 8, 260, 1, '2ndmiddle', 0, 0, 0, 354, 0)
(48, 2, 1, 13, 20, 4, 100, 110, -1, -1, -1, -1, -1, 5500, 90, 8000, 90, 6000, 8, 260, 1, '2ndmiddle', 0, 0, 0, 354, 0)
(49, 1, 1, 28, 25, 4, 100, 110, -1, -1, -1, -1, -1, 5500, 90, 8000, 90, 6000, 8, 260, 1, 'areuni', 0, 0, 0, 354, 0)
(50, 2, 1, 28, 25, 4, 100, 110, -1, -1, -1, -1, -1, 5500, 90, 8000, 90, 6000, 8, 260, 1, 'elvuni', 0, 0, 0, 354, 0)
(51, 1, 1, 13, 25, 4, 110, 120, -1, -1, -1, -1, -1, 6000, 90, 10000, 90, 8500, 8, 300, 1, '2ndmiddle', 0, 0, 0, 354, 0)
(52, 2, 1, 13, 25, 4, 110, 120, -1, -1, -1, -1, -1, 6000, 90, 10000, 90, 8500, 8, 300, 1, '2ndmiddle', 0, 0, 0, 354, 0)
(53, 1, 1, 60, 15, 4, 110, 120, -1, -1, -1, -1, -1, 6000, 90, 10000, 90, 8500, 8, 300, 1, 'areuni', 0, 0, 0, 354, 0)
(54, 2, 1, 60, 15, 4, 110, 120, -1, -1, -1, -1, -1, 6000, 90, 10000, 90, 8500, 8, 300, 1, 'elvuni', 0, 0, 0, 354, 0)
(55, 1, 1, 29, 15, 4, 120, 130, -1, -1, -1, -1, -1, 6500, 90, 12000, 90, 9000, 9, 350, 1, 'huntzone4', 0, 0, 0, 354, 0)
(56, 2, 1, 29, 15, 4, 120, 130, -1, -1, -1, -1, -1, 6500, 90, 12000, 90, 9000, 9, 350, 1, 'huntzone3', 0, 0, 0, 354, 0)
(57, 1, 1, 28, 30, 4, 120, 130, -1, -1, -1, -1, -1, 6500, 90, 12000, 90, 9000, 9, 350, 1, 'huntzone4', 0, 0, 0, 354, 0)
(58, 2, 1, 28, 30, 4, 120, 130, -1, -1, -1, -1, -1, 6500, 90, 12000, 90, 9000, 9, 350, 1, 'huntzone3', 0, 0, 0, 354, 0)
(59, 1, 1, 58, 20, 4, 130, 140, -1, -1, -1, -1, -1, 7000, 90, 13000, 90, 10000, 10, 400, 1, 'huntzone4', 0, 0, 0, 354, 0)
(60, 2, 1, 58, 20, 4, 130, 140, -1, -1, -1, -1, -1, 7000, 90, 13000, 90, 10000, 10, 400, 1, 'huntzone3', 0, 0, 0, 354, 0)
(61, 1, 1, 29, 15, 4, 130, 140, -1, -1, -1, -1, -1, 7000, 90, 13000, 90, 10000, 10, 400, 1, 'dglv3', 0, 0, 0, 354, 0)
(62, 2, 1, 29, 15, 4, 130, 140, -1, -1, -1, -1, -1, 7000, 90, 13000, 90, 10000, 10, 400, 1, 'dglv3', 0, 0, 0, 354, 0)
(63, 1, 1, 29, 20, 4, 140, 150, -1, -1, -1, -1, -1, 8000, 90, 15000, 90, 12000, 11, 450, 1, 'toh1', 0, 0, 0, 354, 0)
(64, 2, 1, 29, 20, 4, 140, 150, -1, -1, -1, -1, -1, 8000, 90, 15000, 90, 12000, 11, 450, 1, 'toh1', 0, 0, 0, 354, 0)
(65, 1, 1, 30, 15, 4, 140, 150, -1, -1, -1, -1, -1, 8000, 90, 15000, 90, 12000, 12, 450, 1, 'dglv3', 0, 0, 0, 354, 0)
(66, 2, 1, 30, 15, 4, 140, 150, -1, -1, -1, -1, -1, 8000, 90, 15000, 90, 12000, 12, 450, 1, 'dglv3', 0, 0, 0, 354, 0)
(67, 1, 1, 33, 18, 4, 140, 150, -1, -1, -1, -1, -1, 8000, 90, 15000, 90, 12000, 11, 450, 1, 'huntzone4', 0, 0, 0, 354, 0)
(68, 2, 1, 33, 18, 4, 140, 150, -1, -1, -1, -1, -1, 8000, 90, 15000, 90, 12000, 11, 450, 1, 'huntzone3', 0, 0, 0, 354, 0)
(69, 1, 1, 48, 20, 4, 140, 150, -1, -1, -1, -1, -1, 8000, 90, 15000, 90, 12000, 10, 450, 1, 'middleland', 0, 0, 0, 354, 0)
(70, 2, 1, 48, 20, 4, 140, 150, -1, -1, -1, -1, -1, 8000, 90, 15000, 90, 12000, 10, 450, 1, 'middleland', 0, 0, 0, 354, 0)
(71, 1, 1, 62, 20, 4, 150, 160, -1, -1, -1, -1, -1, 9000, 90, 16000, 90, 13000, 13, 520, 1, 'icebound', 0, 0, 0, 354, 0)
(72, 2, 1, 62, 20, 4, 150, 160, -1, -1, -1, -1, -1, 9000, 90, 16000, 90, 13000, 13, 520, 1, 'icebound', 0, 0, 0, 354, 0)
(73, 1, 1, 54, 30, 4, 150, 160, -1, -1, -1, -1, -1, 9000, 90, 16000, 90, 13000, 10, 520, 1, 'toh1', 0, 0, 0, 354, 0)
(74, 2, 1, 54, 30, 4, 150, 160, -1, -1, -1, -1, -1, 9000, 90, 16000, 90, 13000, 10, 520, 1, 'toh1', 0, 0, 0, 354, 0)
(75, 1, 1, 31, 10, 4, 160, 170, -1, -1, -1, -1, -1, 10000, 90, 17000, 90, 13500, 11, 600, 1, 'dglv4', 0, 0, 0, 354, 0)
(76, 2, 1, 31, 10, 4, 160, 170, -1, -1, -1, -1, -1, 10000, 90, 17000, 90, 13500, 11, 600, 1, 'dglv4', 0, 0, 0, 354, 0)
(77, 1, 1, 59, 15, 4, 160, 170, -1, -1, -1, -1, -1, 10000, 90, 17000, 90, 13500, 12, 600, 1, 'huntzone4', 0, 0, 0, 354, 0)
(78, 2, 1, 59, 15, 4, 160, 170, -1, -1, -1, -1, -1, 10000, 90, 17000, 90, 13500, 12, 600, 1, 'huntzone3', 0, 0, 0, 354, 0)
(79, 1, 1, 63, 18, 4, 160, 170, -1, -1, -1, -1, -1, 10000, 90, 17000, 90, 13500, 11, 600, 1, 'icebound', 0, 0, 0, 354, 0)
(80, 2, 1, 63, 18, 4, 160, 170, -1, -1, -1, -1, -1, 10000, 90, 17000, 90, 13500, 11, 600, 1, 'icebound', 0, 0, 0, 354, 0)
(81, 1, 1, 30, 22, 4, 170, 180, -1, -1, -1, -1, -1, 12000, 90, 18000, 90, 14000, 12, 700, 1, 'dglv4', 0, 0, 0, 354, 0)
(82, 2, 1, 30, 22, 4, 170, 180, -1, -1, -1, -1, -1, 12000, 90, 18000, 90, 14000, 12, 700, 1, 'dglv4', 0, 0, 0, 354, 0)
(83, 1, 1, 31, 15, 4, 170, 180, -1, -1, -1, -1, -1, 12000, 90, 18000, 90, 14000, 14, 700, 1, 'dglv4', 0, 0, 0, 354, 0)
(84, 2, 1, 31, 15, 4, 170, 180, -1, -1, -1, -1, -1, 12000, 90, 18000, 90, 14000, 14, 700, 1, 'dglv4', 0, 0, 0, 354, 0)
(85, 1, 1, 52, 13, 4, 170, 180, -1, -1, -1, -1, -1, 12000, 90, 18000, 90, 14000, 15, 700, 1, 'toh3', 0, 0, 0, 354, 0)
(86, 2, 1, 52, 13, 4, 170, 180, -1, -1, -1, -1, -1, 12000, 90, 18000, 90, 14000, 15, 700, 1, 'toh3', 0, 0, 0, 354, 0)
(87, 1, 1, 59, 20, 4, 170, 180, -1, -1, -1, -1, -1, 12000, 90, 18000, 90, 14000, 12, 700, 1, 'huntzone4', 0, 0, 0, 354, 0)
(88, 2, 1, 59, 20, 4, 170, 180, -1, -1, -1, -1, -1, 12000, 90, 18000, 90, 14000, 12, 700, 1, 'huntzone3', 0, 0, 0, 354, 0)
(89, 1, 1, 63, 22, 4, 170, 180, -1, -1, -1, -1, -1, 12000, 90, 18000, 90, 14000, 12, 700, 1, 'icebound', 0, 0, 0, 354, 0)
(90, 2, 1, 63, 22, 4, 170, 180, -1, -1, -1, -1, -1, 12000, 90, 18000, 90, 14000, 12, 700, 1, 'icebound', 0, 0, 0, 354, 0)

=== TABLE: schedule_apocalypse_end ===
Columns: ['schedule_id', 'day', 'hour', 'minute']
Row count: 1
(2, 6, 23, 1)

=== TABLE: schedule_apocalypse_start ===
Columns: ['schedule_id', 'day', 'hour', 'minute']
Row count: 1
(1, 6, 1, 1)

=== TABLE: schedule_crusade ===
Columns: ['schedule_id', 'day', 'hour', 'minute']
Row count: 1
(0, 1, 1, 1)

=== TABLE: schedule_heldenian ===
Columns: ['schedule_id', 'day', 'start_hour', 'start_minute', 'end_hour', 'end_minute']
Row count: 0

=== TABLE: settings ===
Columns: ['key', 'value']
Row count: 20
('primary-drop-rate', '1')
('secondary-drop-rate', '1')
('enemy-kill-mode', 'deathmatch')
('enemy-kill-adjust', '1')
('admin-security', 'off')
('monday-raid-time', '3')
('tuesday-raid-time', '3')
('wednesday-raid-time', '3')
('thursday-raid-time', '3')
('friday-raid-time', '30')
('saturday-raid-time', '45')
('sunday-raid-time', '60')
('log-chat-settings', 'all')
('summonguild-cost', '0')
('slate-success-rate', '25')
('character-stat-limit', '200')
('character-skill-limit', '2500')
('rep-drop-modifier', '5')
('admin-security-code', '1234393')
('max-player-level', '376')

=== TABLE: skill_configs ===
Columns: ['skill_id', 'name', 'skill_type', 'value1', 'value2', 'value3', 'value4', 'value5', 'value6']
Row count: 24
(0, 'Mining', 1, 1, 6, 0, 0, 0, 0)
(1, 'Fishing', 1, 2, 6, 0, 0, 0, 0)
(2, 'Farming', 1, 3, 6, 0, 0, 0, 0)
(3, 'Magic-Resistance', 0, 0, 0, 0, 0, 0, 0)
(4, 'Magic', 0, 0, 0, 0, 0, 0, 0)
(5, 'Hand-Attack', 0, 0, 0, 0, 0, 0, 0)
(6, 'Archery', 0, 0, 0, 0, 0, 0, 0)
(7, 'Short-Sword', 0, 0, 0, 0, 0, 0, 0)
(8, 'Long-Sword', 0, 0, 0, 0, 0, 0, 0)
(9, 'Fencing', 0, 0, 0, 0, 0, 0, 0)
(10, 'Axe-Attack', 0, 0, 0, 0, 0, 0, 0)
(11, 'Shield', 0, 0, 0, 0, 0, 0, 0)
(12, 'Alchemy', 1, 0, 0, 0, 0, 0, 0)
(13, 'Manufacturing', 1, 2, 0, 0, 0, 0, 0)
(14, 'Hammer', 0, 0, 0, 0, 0, 0, 0)
(15, '????', 1, 1, 0, 0, 0, 0, 0)
(16, '????', 1, 1, 0, 0, 0, 0, 0)
(17, '????', 1, 0, 0, 0, 0, 0, 0)
(18, 'Crafting', 1, 1, 0, 0, 0, 0, 0)
(19, 'Pretend-Corpse', 2, 1, 0, 0, 0, 0, 0)
(20, 'Enchanting', 1, 1, 0, 0, 0, 0, 0)
(21, 'Staff-Attack', 0, 0, 0, 0, 0, 0, 0)
(22, '????', 1, 2, 0, 0, 0, 0, 0)
(23, 'Poison-Resistance', 1, 0, 0, 0, 0, 0, 0)

